Kanalnummer	Impulse	Fit(Impulse)
Kanal/#	Impulse/#	Impulse/#

0	0	29
1	0	29
2	0	29
3	0	29
4	0	29
5	0	29
6	0	29
7	0	29
8	0	29
9	0	29
10	0	29
11	0	29
12	0	29
13	0	29
14	0	29
15	0	29
16	0	29
17	0	29
18	0	29
19	0	29
20	0	29
21	0	29
22	0	29
23	1	29
24	0	29
25	0	29
26	0	29
27	0	29
28	0	29
29	0	29
30	0	29
31	0	29
32	0	29
33	0	29
34	0	29
35	0	29
36	0	29
37	0	29
38	0	29
39	0	29
40	0	29
41	0	29
42	0	29
43	0	29
44	0	29
45	0	29
46	0	29
47	0	29
48	0	29
49	1	29
50	5	29
51	13	29
52	13	29
53	12	29
54	12	29
55	116	29
56	179	29
57	237	29
58	248	29
59	325	29
60	303	29
61	339	29
62	318	29
63	461	29
64	242	29
65	355	29
66	370	29
67	403	29
68	400	29
69	358	29
70	427	29
71	378	29
72	366	29
73	498	29
74	396	29
75	415	29
76	459	29
77	402	29
78	412	29
79	443	29
80	332	29
81	418	29
82	406	29
83	447	29
84	414	29
85	432	29
86	465	29
87	353	29
88	382	29
89	457	29
90	399	29
91	445	29
92	380	29
93	424	29
94	380	29
95	546	29
96	310	29
97	423	29
98	408	29
99	405	29
100	409	29
101	326	29
102	369	29
103	336	29
104	282	29
105	350	29
106	272	29
107	284	29
108	272	29
109	237	29
110	208	29
111	162	29
112	148	29
113	174	29
114	136	29
115	110	29
116	105	29
117	83	29
118	87	29
119	62	29
120	48	29
121	49	29
122	46	29
123	26	29
124	33	29
125	29	29
126	25	29
127	40	29
128	10	29
129	22	29
130	18	29
131	24	29
132	14	29
133	26	29
134	27	29
135	13	29
136	18	29
137	20	29
138	24	29
139	21	29
140	28	29
141	34	29
142	41	29
143	33	29
144	23	29
145	40	30
146	31	30
147	35	31
148	39	31
149	35	32
150	43	33
151	46	34
152	46	35
153	56	37
154	54	39
155	48	42
156	69	46
157	62	50
158	56	55
159	103	61
160	74	68
161	90	77
162	114	88
163	105	100
164	160	114
165	123	131
166	168	150
167	192	172
168	172	197
169	256	225
170	224	257
171	312	293
172	356	333
173	390	376
174	434	424
175	466	476
176	488	532
177	575	592
178	658	655
179	775	723
180	806	793
181	760	865
182	1049	940
183	1094	1015
184	882	1091
185	1273	1167
186	1097	1242
187	1462	1315
188	1312	1384
189	1502	1450
190	1487	1511
191	1926	1565
192	1251	1614
193	1694	1655
194	1656	1688
195	1740	1712
196	1742	1728
197	1632	1734
198	1823	1731
199	1590	1719
200	1561	1698
201	1841	1668
202	1551	1630
203	1640	1585
204	1556	1532
205	1496	1474
206	1458	1410
207	1519	1342
208	1073	1270
209	1222	1196
210	1127	1121
211	1160	1045
212	940	969
213	844	894
214	916	820
215	693	749
216	641	681
217	674	616
218	494	555
219	527	497
220	401	444
221	379	394
222	337	349
223	338	308
224	205	271
225	221	237
226	204	208
227	137	181
228	144	158
229	122	138
230	118	120
231	82	105
232	62	92
233	84	81
234	59	72
235	56	64
236	55	57
237	52	52
238	44	47
239	47	43
240	33	40
241	41	38
242	37	36
243	28	34
244	35	33
245	26	32
246	22	31
247	24	31
248	25	30
249	37	30
250	36	30
251	30	29
252	21	29
253	34	29
254	32	29
255	37	29
256	17	29
257	35	29
258	31	29
259	31	29
260	36	29
261	23	29
262	28	29
263	36	29
264	22	29
265	32	29
266	25	29
267	32	29
268	28	29
269	33	29
270	29	29
271	43	29
272	27	29
273	26	29
274	40	29
275	39	29
276	26	29
277	33	29
278	38	29
279	25	29
280	28	29
281	44	29
282	39	29
283	33	29
284	28	29
285	33	29
286	32	29
287	40	29
288	30	29
289	29	29
290	29	29
291	29	29
292	33	29
293	26	29
294	31	29
295	28	29
296	24	29
297	30	29
298	33	29
299	32	29
300	34	29
301	33	29
302	30	29
303	32	29
304	27	29
305	30	29
306	20	29
307	30	29
308	32	29
309	24	29
310	35	29
311	31	29
312	20	29
313	38	29
314	33	29
315	36	29
316	27	29
317	26	29
318	31	29
319	34	29
320	23	29
321	43	29
322	34	29
323	28	29
324	37	29
325	25	29
326	32	29
327	26	29
328	32	29
329	29	29
330	36	29
331	31	29
332	31	29
333	32	29
334	34	29
335	35	29
336	23	29
337	25	29
338	28	29
339	35	29
340	28	29
341	36	29
342	31	29
343	26	29
344	27	29
345	26	29
346	29	29
347	30	29
348	31	29
349	27	29
350	33	29
351	38	29
352	29	29
353	31	29
354	27	29
355	28	29
356	35	29
357	32	29
358	27	29
359	22	29
360	27	29
361	29	29
362	25	29
363	25	29
364	42	29
365	20	29
366	22	29
367	28	29
368	22	29
369	38	29
370	26	29
371	46	29
372	23	29
373	13	29
374	29	29
375	30	29
376	19	29
377	19	29
378	27	29
379	30	29
380	23	29
381	25	29
382	33	29
383	38	29
384	17	29
385	29	29
386	26	29
387	27	29
388	24	29
389	32	29
390	29	29
391	24	29
392	26	29
393	31	29
394	26	29
395	29	29
396	33	29
397	30	29
398	21	29
399	27	29
400	21	29
401	29	29
402	23	29
403	32	29
404	26	29
405	24	29
406	28	29
407	24	29
408	19	29
409	29	29
410	15	29
411	27	29
412	25	29
413	23	29
414	22	29
415	27	29
416	24	29
417	28	29
418	17	29
419	27	29
420	28	29
421	22	29
422	34	29
423	28	29
424	17	29
425	34	29
426	20	29
427	18	29
428	18	29
429	38	29
430	27	29
431	20	29
432	20	29
433	16	29
434	30	29
435	26	29
436	23	29
437	21	29
438	28	29
439	32	29
440	26	29
441	30	29
442	23	29
443	21	29
444	20	29
445	23	29
446	23	29
447	29	29
448	16	29
449	15	29
450	18	29
451	23	29
452	23	29
453	17	29
454	22	29
455	17	29
456	26	29
457	21	29
458	23	29
459	22	29
460	26	29
461	23	29
462	19	29
463	24	29
464	20	29
465	26	29
466	22	29
467	19	29
468	23	29
469	17	29
470	35	29
471	11	29
472	23	29
473	23	29
474	22	29
475	28	29
476	29	29
477	28	29
478	23	29
479	24	29
480	13	29
481	18	29
482	22	29
483	21	29
484	27	29
485	18	29
486	25	29
487	16	29
488	23	29
489	30	29
490	15	29
491	21	29
492	31	29
493	23	29
494	16	29
495	15	29
496	13	29
497	25	29
498	15	29
499	22	29
500	17	29
501	13	29
502	24	29
503	17	29
504	15	29
505	18	29
506	10	29
507	26	29
508	11	29
509	23	29
510	19	29
511	29	29
512	14	29
513	15	29
514	19	29
515	19	29
516	17	29
517	17	29
518	19	29
519	11	29
520	17	29
521	21	29
522	16	29
523	23	29
524	24	29
525	19	29
526	23	29
527	11	29
528	19	29
529	18	29
530	17	29
531	22	29
532	14	29
533	23	29
534	19	29
535	15	29
536	19	29
537	12	29
538	12	29
539	23	29
540	12	29
541	19	29
542	15	29
543	19	29
544	14	29
545	14	29
546	11	29
547	12	29
548	17	29
549	11	29
550	20	29
551	18	29
552	15	29
553	23	29
554	13	29
555	17	29
556	17	29
557	17	29
558	25	29
559	17	29
560	19	29
561	22	29
562	17	29
563	24	29
564	17	29
565	18	29
566	10	29
567	10	29
568	11	29
569	19	29
570	14	29
571	15	29
572	8	29
573	20	29
574	17	29
575	18	29
576	11	29
577	16	29
578	15	29
579	12	29
580	16	29
581	17	29
582	16	29
583	20	29
584	18	29
585	20	29
586	14	29
587	13	29
588	18	29
589	15	29
590	10	29
591	17	29
592	5	29
593	10	29
594	12	29
595	11	29
596	18	29
597	13	29
598	13	29
599	14	29
600	16	29
601	14	29
602	12	29
603	18	29
604	10	29
605	24	29
606	13	29
607	14	29
608	14	29
609	13	29
610	16	29
611	20	29
612	10	29
613	15	29
614	18	29
615	15	29
616	9	29
617	18	29
618	13	29
619	17	29
620	14	29
621	14	29
622	12	29
623	13	29
624	13	29
625	13	29
626	19	29
627	19	29
628	18	29
629	17	29
630	14	29
631	10	29
632	14	29
633	11	29
634	13	29
635	17	29
636	14	29
637	7	29
638	11	29
639	26	29
640	11	29
641	12	29
642	12	29
643	11	29
644	11	29
645	16	29
646	21	29
647	7	29
648	15	29
649	17	29
650	14	29
651	14	29
652	13	29
653	15	29
654	10	29
655	15	29
656	10	29
657	8	29
658	20	29
659	13	29
660	17	29
661	7	29
662	16	29
663	10	29
664	10	29
665	10	29
666	11	29
667	9	29
668	15	29
669	16	29
670	15	29
671	6	29
672	11	29
673	12	29
674	11	29
675	9	29
676	23	29
677	17	29
678	15	29
679	11	29
680	12	29
681	14	29
682	10	29
683	17	29
684	11	29
685	18	29
686	11	29
687	8	29
688	5	29
689	12	29
690	10	29
691	18	29
692	16	29
693	5	29
694	11	29
695	11	29
696	7	29
697	14	29
698	12	29
699	10	29
700	11	29
701	16	29
702	9	29
703	10	29
704	10	29
705	14	29
706	13	29
707	10	29
708	10	29
709	8	29
710	11	29
711	10	29
712	10	29
713	14	29
714	10	29
715	12	29
716	11	29
717	15	29
718	11	29
719	9	29
720	8	29
721	23	29
722	10	29
723	16	29
724	7	29
725	8	29
726	4	29
727	10	29
728	13	29
729	12	29
730	8	29
731	10	29
732	6	29
733	16	29
734	15	29
735	14	29
736	5	29
737	4	29
738	12	29
739	10	29
740	12	29
741	7	29
742	9	29
743	8	29
744	8	29
745	10	29
746	6	29
747	8	29
748	12	29
749	12	29
750	11	29
751	9	29
752	7	29
753	3	29
754	8	29
755	6	29
756	12	29
757	5	29
758	7	29
759	10	29
760	13	29
761	9	29
762	11	29
763	4	29
764	9	29
765	12	29
766	7	29
767	7	29
768	7	29
769	9	29
770	15	29
771	6	29
772	10	29
773	7	29
774	10	29
775	13	29
776	7	29
777	9	29
778	5	29
779	10	29
780	6	29
781	4	29
782	9	29
783	4	29
784	13	29
785	11	29
786	7	29
787	8	29
788	15	29
789	10	29
790	9	29
791	4	29
792	7	29
793	13	29
794	11	29
795	8	29
796	5	29
797	8	29
798	10	29
799	8	29
800	7	29
801	11	29
802	6	29
803	6	29
804	9	29
805	4	29
806	8	29
807	5	29
808	9	29
809	8	29
810	3	29
811	5	29
812	8	29
813	14	29
814	10	29
815	11	29
816	9	29
817	8	29
818	5	29
819	15	29
820	6	29
821	5	29
822	5	29
823	5	29
824	5	29
825	6	29
826	8	29
827	5	29
828	1	29
829	7	29
830	5	29
831	8	29
832	5	29
833	6	29
834	7	29
835	5	29
836	12	29
837	8	29
838	2	29
839	8	29
840	11	29
841	2	29
842	6	29
843	4	29
844	7	29
845	4	29
846	5	29
847	8	29
848	9	29
849	4	29
850	7	29
851	5	29
852	11	29
853	14	29
854	8	29
855	5	29
856	6	29
857	11	29
858	7	29
859	9	29
860	6	29
861	6	29
862	7	29
863	5	29
864	7	29
865	7	29
866	8	29
867	6	29
868	3	29
869	7	29
870	8	29
871	7	29
872	6	29
873	6	29
874	3	29
875	7	29
876	6	29
877	8	29
878	6	29
879	4	29
880	3	29
881	2	29
882	9	29
883	6	29
884	4	29
885	5	29
886	6	29
887	4	29
888	6	29
889	8	29
890	9	29
891	10	29
892	6	29
893	6	29
894	5	29
895	5	29
896	4	29
897	6	29
898	7	29
899	2	29
900	5	29
901	5	29
902	0	29
903	3	29
904	5	29
905	8	29
906	3	29
907	6	29
908	4	29
909	5	29
910	7	29
911	5	29
912	3	29
913	4	29
914	7	29
915	8	29
916	6	29
917	2	29
918	9	29
919	6	29
920	3	29
921	7	29
922	5	29
923	6	29
924	9	29
925	14	29
926	8	29
927	6	29
928	2	29
929	7	29
930	6	29
931	4	29
932	8	29
933	2	29
934	5	29
935	7	29
936	5	29
937	3	29
938	5	29
939	4	29
940	3	29
941	4	29
942	4	29
943	4	29
944	4	29
945	8	29
946	3	29
947	3	29
948	8	29
949	4	29
950	5	29
951	4	29
952	4	29
953	4	29
954	4	29
955	3	29
956	6	29
957	3	29
958	4	29
959	7	29
960	7	29
961	4	29
962	5	29
963	3	29
964	6	29
965	2	29
966	4	29
967	4	29
968	6	29
969	4	29
970	3	29
971	7	29
972	6	29
973	5	29
974	6	29
975	2	29
976	2	29
977	9	29
978	2	29
979	4	29
980	3	29
981	2	29
982	7	29
983	5	29
984	5	29
985	7	29
986	6	29
987	6	29
988	3	29
989	3	29
990	1	29
991	3	29
992	3	29
993	6	29
994	5	29
995	3	29
996	4	29
997	2	29
998	3	29
999	4	29
1000	1	29
1001	2	29
1002	3	29
1003	2	29
1004	5	29
1005	3	29
1006	8	29
1007	5	29
1008	5	29
1009	1	29
1010	1	29
1011	6	29
1012	4	29
1013	3	29
1014	4	29
1015	3	29
1016	4	29
1017	4	29
1018	4	29
1019	5	29
1020	6	29
1021	3	29
1022	0	29
1023	7	29
1024	3	29
1025	6	29
1026	3	29
1027	5	29
1028	9	29
1029	8	29
1030	2	29
1031	5	29
1032	3	29
1033	2	29
1034	7	29
1035	5	29
1036	4	29
1037	6	29
1038	4	29
1039	9	29
1040	4	29
1041	4	29
1042	4	29
1043	8	29
1044	2	29
1045	3	29
1046	2	29
1047	4	29
1048	1	29
1049	10	29
1050	3	29
1051	8	29
1052	1	29
1053	5	29
1054	3	29
1055	3	29
1056	4	29
1057	3	29
1058	5	29
1059	4	29
1060	4	29
1061	5	29
1062	4	29
1063	2	29
1064	5	29
1065	6	29
1066	5	29
1067	1	29
1068	5	29
1069	2	29
1070	8	29
1071	6	29
1072	2	29
1073	5	29
1074	4	29
1075	3	29
1076	5	29
1077	3	29
1078	1	29
1079	2	29
1080	1	29
1081	5	29
1082	0	29
1083	1	29
1084	0	29
1085	2	29
1086	5	29
1087	1	29
1088	3	29
1089	2	29
1090	4	29
1091	2	29
1092	7	29
1093	1	29
1094	0	29
1095	3	29
1096	3	29
1097	5	29
1098	1	29
1099	5	29
1100	8	29
1101	8	29
1102	1	29
1103	3	29
1104	2	29
1105	3	29
1106	6	29
1107	1	29
1108	5	29
1109	1	29
1110	0	29
1111	3	29
1112	4	29
1113	7	29
1114	4	29
1115	6	29
1116	3	29
1117	6	29
1118	4	29
1119	5	29
1120	0	29
1121	3	29
1122	1	29
1123	2	29
1124	2	29
1125	3	29
1126	3	29
1127	2	29
1128	3	29
1129	2	29
1130	2	29
1131	3	29
1132	1	29
1133	0	29
1134	4	29
1135	1	29
1136	1	29
1137	7	29
1138	2	29
1139	1	29
1140	1	29
1141	2	29
1142	5	29
1143	2	29
1144	3	29
1145	3	29
1146	7	29
1147	2	29
1148	3	29
1149	5	29
1150	5	29
1151	5	29
1152	2	29
1153	1	29
1154	7	29
1155	3	29
1156	3	29
1157	0	29
1158	1	29
1159	4	29
1160	1	29
1161	8	29
1162	3	29
1163	4	29
1164	4	29
1165	2	29
1166	4	29
1167	3	29
1168	2	29
1169	1	29
1170	4	29
1171	3	29
1172	4	29
1173	3	29
1174	2	29
1175	1	29
1176	3	29
1177	8	29
1178	3	29
1179	1	29
1180	4	29
1181	3	29
1182	3	29
1183	3	29
1184	3	29
1185	0	29
1186	3	29
1187	2	29
1188	3	29
1189	3	29
1190	3	29
1191	1	29
1192	3	29
1193	5	29
1194	2	29
1195	2	29
1196	4	29
1197	5	29
1198	3	29
1199	1	29
1200	2	29
1201	3	29
1202	1	29
1203	3	29
1204	1	29
1205	3	29
1206	4	29
1207	2	29
1208	2	29
1209	1	29
1210	2	29
1211	2	29
1212	3	29
1213	5	29
1214	1	29
1215	5	29
1216	3	29
1217	5	29
1218	2	29
1219	1	29
1220	3	29
1221	3	29
1222	2	29
1223	2	29
1224	2	29
1225	1	29
1226	3	29
1227	4	29
1228	3	29
1229	2	29
1230	2	29
1231	3	29
1232	4	29
1233	7	29
1234	2	29
1235	5	29
1236	2	29
1237	3	29
1238	2	29
1239	2	29
1240	2	29
1241	5	29
1242	3	29
1243	1	29
1244	3	29
1245	3	29
1246	3	29
1247	2	29
1248	3	29
1249	1	29
1250	2	29
1251	3	29
1252	2	29
1253	1	29
1254	0	29
1255	2	29
1256	1	29
1257	5	29
1258	3	29
1259	3	29
1260	7	29
1261	3	29
1262	3	29
1263	4	29
1264	3	29
1265	3	29
1266	1	29
1267	2	29
1268	2	29
1269	1	29
1270	3	29
1271	1	29
1272	2	29
1273	2	29
1274	2	29
1275	7	29
1276	4	29
1277	3	29
1278	5	29
1279	3	29
1280	2	29
1281	1	29
1282	0	29
1283	2	29
1284	1	29
1285	3	29
1286	0	29
1287	3	29
1288	1	29
1289	3	29
1290	5	29
1291	0	29
1292	1	29
1293	2	29
1294	4	29
1295	3	29
1296	1	29
1297	1	29
1298	2	29
1299	2	29
1300	1	29
1301	2	29
1302	2	29
1303	3	29
1304	1	29
1305	3	29
1306	2	29
1307	2	29
1308	3	29
1309	2	29
1310	1	29
1311	1	29
1312	0	29
1313	0	29
1314	6	29
1315	3	29
1316	1	29
1317	3	29
1318	3	29
1319	1	29
1320	3	29
1321	2	29
1322	0	29
1323	2	29
1324	1	29
1325	1	29
1326	1	29
1327	4	29
1328	2	29
1329	2	29
1330	3	29
1331	6	29
1332	2	29
1333	0	29
1334	3	29
1335	1	29
1336	3	29
1337	1	29
1338	1	29
1339	5	29
1340	3	29
1341	0	29
1342	0	29
1343	2	29
1344	1	29
1345	3	29
1346	1	29
1347	1	29
1348	3	29
1349	3	29
1350	1	29
1351	2	29
1352	2	29
1353	5	29
1354	3	29
1355	2	29
1356	1	29
1357	3	29
1358	2	29
1359	0	29
1360	2	29
1361	5	29
1362	2	29
1363	4	29
1364	4	29
1365	3	29
1366	0	29
1367	2	29
1368	1	29
1369	2	29
1370	1	29
1371	1	29
1372	3	29
1373	3	29
1374	3	29
1375	3	29
1376	1	29
1377	2	29
1378	3	29
1379	3	29
1380	4	29
1381	0	29
1382	2	29
1383	0	29
1384	4	29
1385	3	29
1386	3	29
1387	2	29
1388	2	29
1389	4	29
1390	2	29
1391	2	29
1392	0	29
1393	2	29
1394	1	29
1395	0	29
1396	0	29
1397	0	29
1398	2	29
1399	1	29
1400	4	29
1401	1	29
1402	1	29
1403	1	29
1404	1	29
1405	2	29
1406	2	29
1407	1	29
1408	3	29
1409	1	29
1410	4	29
1411	1	29
1412	1	29
1413	0	29
1414	1	29
1415	3	29
1416	2	29
1417	1	29
1418	2	29
1419	1	29
1420	5	29
1421	5	29
1422	0	29
1423	4	29
1424	2	29
1425	3	29
1426	2	29
1427	3	29
1428	2	29
1429	0	29
1430	2	29
1431	1	29
1432	1	29
1433	4	29
1434	2	29
1435	2	29
1436	2	29
1437	3	29
1438	3	29
1439	2	29
1440	3	29
1441	5	29
1442	0	29
1443	1	29
1444	2	29
1445	2	29
1446	3	29
1447	1	29
1448	1	29
1449	3	29
1450	5	29
1451	3	29
1452	3	29
1453	2	29
1454	3	29
1455	2	29
1456	3	29
1457	1	29
1458	4	29
1459	3	29
1460	1	29
1461	1	29
1462	1	29
1463	1	29
1464	0	29
1465	3	29
1466	1	29
1467	5	29
1468	0	29
1469	3	29
1470	1	29
1471	3	29
1472	4	29
1473	2	29
1474	2	29
1475	1	29
1476	4	29
1477	0	29
1478	3	29
1479	1	29
1480	3	29
1481	4	29
1482	1	29
1483	2	29
1484	4	29
1485	1	29
1486	0	29
1487	0	29
1488	0	29
1489	0	29
1490	4	29
1491	3	29
1492	2	29
1493	3	29
1494	4	29
1495	2	29
1496	2	29
1497	4	29
1498	4	29
1499	5	29
1500	2	29
1501	2	29
1502	3	29
1503	1	29
1504	0	29
1505	4	29
1506	1	29
1507	5	29
1508	1	29
1509	0	29
1510	2	29
1511	2	29
1512	4	29
1513	2	29
1514	5	29
1515	3	29
1516	4	29
1517	0	29
1518	2	29
1519	0	29
1520	3	29
1521	3	29
1522	2	29
1523	3	29
1524	3	29
1525	1	29
1526	3	29
1527	2	29
1528	3	29
1529	0	29
1530	3	29
1531	1	29
1532	3	29
1533	2	29
1534	1	29
1535	1	29
1536	1	29
1537	3	29
1538	0	29
1539	1	29
1540	1	29
1541	1	29
1542	1	29
1543	2	29
1544	0	29
1545	5	29
1546	0	29
1547	2	29
1548	3	29
1549	0	29
1550	2	29
1551	1	29
1552	3	29
1553	5	29
1554	4	29
1555	3	29
1556	1	29
1557	1	29
1558	1	29
1559	2	29
1560	4	29
1561	2	29
1562	1	29
1563	0	29
1564	3	29
1565	2	29
1566	3	29
1567	5	29
1568	5	29
1569	1	29
1570	3	29
1571	2	29
1572	3	29
1573	1	29
1574	2	29
1575	0	29
1576	0	29
1577	4	29
1578	1	29
1579	2	29
1580	1	29
1581	0	29
1582	3	29
1583	2	29
1584	1	29
1585	1	29
1586	2	29
1587	3	29
1588	2	29
1589	0	29
1590	1	29
1591	2	29
1592	1	29
1593	0	29
1594	3	29
1595	1	29
1596	0	29
1597	1	29
1598	2	29
1599	2	29
1600	3	29
1601	0	29
1602	3	29
1603	0	29
1604	0	29
1605	1	29
1606	1	29
1607	0	29
1608	1	29
1609	5	29
1610	2	29
1611	1	29
1612	3	29
1613	1	29
1614	2	29
1615	2	29
1616	2	29
1617	3	29
1618	6	29
1619	1	29
1620	0	29
1621	1	29
1622	2	29
1623	0	29
1624	1	29
1625	1	29
1626	0	29
1627	1	29
1628	3	29
1629	2	29
1630	3	29
1631	1	29
1632	2	29
1633	0	29
1634	2	29
1635	0	29
1636	4	29
1637	2	29
1638	3	29
1639	2	29
1640	0	29
1641	2	29
1642	3	29
1643	0	29
1644	1	29
1645	1	29
1646	4	29
1647	1	29
1648	0	29
1649	0	29
1650	2	29
1651	0	29
1652	0	29
1653	0	29
1654	4	29
1655	0	29
1656	0	29
1657	1	29
1658	2	29
1659	2	29
1660	1	29
1661	1	29
1662	3	29
1663	1	29
1664	2	29
1665	2	29
1666	1	29
1667	1	29
1668	1	29
1669	0	29
1670	1	29
1671	2	29
1672	1	29
1673	2	29
1674	3	29
1675	0	29
1676	2	29
1677	0	29
1678	1	29
1679	2	29
1680	2	29
1681	1	29
1682	0	29
1683	1	29
1684	1	29
1685	1	29
1686	0	29
1687	2	29
1688	2	29
1689	0	29
1690	0	29
1691	0	29
1692	2	29
1693	1	29
1694	1	29
1695	1	29
1696	2	29
1697	3	29
1698	1	29
1699	3	29
1700	2	29
1701	1	29
1702	3	29
1703	3	29
1704	4	29
1705	1	29
1706	2	29
1707	4	29
1708	1	29
1709	0	29
1710	0	29
1711	5	29
1712	2	29
1713	6	29
1714	2	29
1715	0	29
1716	3	29
1717	1	29
1718	3	29
1719	0	29
1720	3	29
1721	1	29
1722	1	29
1723	0	29
1724	0	29
1725	2	29
1726	3	29
1727	1	29
1728	0	29
1729	1	29
1730	1	29
1731	2	29
1732	0	29
1733	1	29
1734	2	29
1735	2	29
1736	4	29
1737	3	29
1738	0	29
1739	0	29
1740	2	29
1741	1	29
1742	3	29
1743	2	29
1744	1	29
1745	1	29
1746	1	29
1747	1	29
1748	2	29
1749	0	29
1750	0	29
1751	2	29
1752	1	29
1753	0	29
1754	0	29
1755	2	29
1756	0	29
1757	1	29
1758	3	29
1759	2	29
1760	3	29
1761	3	29
1762	1	29
1763	1	29
1764	1	29
1765	1	29
1766	4	29
1767	0	29
1768	2	29
1769	2	29
1770	1	29
1771	2	29
1772	1	29
1773	0	29
1774	3	29
1775	1	29
1776	1	29
1777	2	29
1778	1	29
1779	1	29
1780	4	29
1781	2	29
1782	1	29
1783	3	29
1784	1	29
1785	2	29
1786	0	29
1787	0	29
1788	1	29
1789	0	29
1790	2	29
1791	1	29
1792	2	29
1793	1	29
1794	0	29
1795	1	29
1796	2	29
1797	1	29
1798	3	29
1799	2	29
1800	1	29
1801	2	29
1802	0	29
1803	1	29
1804	2	29
1805	3	29
1806	2	29
1807	0	29
1808	1	29
1809	1	29
1810	0	29
1811	2	29
1812	0	29
1813	1	29
1814	2	29
1815	0	29
1816	3	29
1817	1	29
1818	0	29
1819	2	29
1820	0	29
1821	0	29
1822	0	29
1823	1	29
1824	2	29
1825	1	29
1826	1	29
1827	1	29
1828	2	29
1829	2	29
1830	0	29
1831	2	29
1832	0	29
1833	2	29
1834	0	29
1835	0	29
1836	0	29
1837	4	29
1838	1	29
1839	0	29
1840	1	29
1841	0	29
1842	3	29
1843	1	29
1844	1	29
1845	3	29
1846	2	29
1847	0	29
1848	0	29
1849	2	29
1850	1	29
1851	2	29
1852	0	29
1853	2	29
1854	2	29
1855	2	29
1856	0	29
1857	0	29
1858	0	29
1859	1	29
1860	0	29
1861	1	29
1862	0	29
1863	1	29
1864	3	29
1865	1	29
1866	1	29
1867	0	29
1868	1	29
1869	2	29
1870	0	29
1871	2	29
1872	3	29
1873	1	29
1874	2	29
1875	4	29
1876	2	29
1877	1	29
1878	3	29
1879	0	29
1880	0	29
1881	0	29
1882	0	29
1883	3	29
1884	1	29
1885	1	29
1886	1	29
1887	0	29
1888	3	29
1889	2	29
1890	2	29
1891	1	29
1892	1	29
1893	2	29
1894	3	29
1895	1	29
1896	4	29
1897	7	29
1898	0	29
1899	2	29
1900	0	29
1901	1	29
1902	5	29
1903	0	29
1904	3	29
1905	4	29
1906	0	29
1907	3	29
1908	2	29
1909	0	29
1910	2	29
1911	1	29
1912	1	29
1913	0	29
1914	2	29
1915	3	29
1916	2	29
1917	0	29
1918	0	29
1919	3	29
1920	2	29
1921	1	29
1922	2	29
1923	1	29
1924	1	29
1925	0	29
1926	1	29
1927	3	29
1928	3	29
1929	2	29
1930	0	29
1931	1	29
1932	6	29
1933	1	29
1934	0	29
1935	0	29
1936	1	29
1937	0	29
1938	0	29
1939	0	29
1940	1	29
1941	1	29
1942	0	29
1943	0	29
1944	2	29
1945	3	29
1946	8	29
1947	4	29
1948	1	29
1949	1	29
1950	2	29
1951	2	29
1952	2	29
1953	0	29
1954	1	29
1955	2	29
1956	1	29
1957	2	29
1958	1	29
1959	3	29
1960	2	29
1961	1	29
1962	1	29
1963	1	29
1964	1	29
1965	2	29
1966	0	29
1967	1	29
1968	3	29
1969	1	29
1970	2	29
1971	2	29
1972	2	29
1973	1	29
1974	0	29
1975	1	29
1976	1	29
1977	1	29
1978	0	29
1979	4	29
1980	4	29
1981	1	29
1982	3	29
1983	2	29
1984	1	29
1985	1	29
1986	5	29
1987	0	29
1988	2	29
1989	2	29
1990	0	29
1991	2	29
1992	1	29
1993	4	29
1994	4	29
1995	0	29
1996	1	29
1997	0	29
1998	1	29
1999	0	29
2000	1	29
2001	2	29
2002	0	29
2003	0	29
2004	3	29
2005	1	29
2006	0	29
2007	2	29
2008	2	29
2009	2	29
2010	1	29
2011	0	29
2012	1	29
2013	1	29
2014	0	29
2015	0	29
2016	0	29
2017	2	29
2018	2	29
2019	0	29
2020	1	29
2021	0	29
2022	2	29
2023	1	29
2024	1	29
2025	0	29
2026	3	29
2027	0	29
2028	0	29
2029	5	29
2030	2	29
2031	0	29
2032	1	29
2033	2	29
2034	0	29
2035	1	29
2036	1	29
2037	0	29
2038	2	29
2039	1	29
2040	3	29
2041	2	29
2042	0	29
2043	3	29
2044	2	29
2045	2	29
2046	1	29
2047	1	29
2048	0	29
2049	1	29
2050	3	29
2051	0	29
2052	2	29
2053	0	29
2054	2	29
2055	0	29
2056	0	29
2057	3	29
2058	1	29
2059	0	29
2060	1	29
2061	1	29
2062	2	29
2063	2	29
2064	2	29
2065	1	29
2066	0	29
2067	0	29
2068	0	29
2069	0	29
2070	1	29
2071	0	29
2072	2	29
2073	1	29
2074	0	29
2075	1	29
2076	1	29
2077	0	29
2078	0	29
2079	1	29
2080	1	29
2081	1	29
2082	0	29
2083	1	29
2084	2	29
2085	1	29
2086	1	29
2087	1	29
2088	0	29
2089	1	29
2090	1	29
2091	0	29
2092	1	29
2093	0	29
2094	0	29
2095	0	29
2096	2	29
2097	1	29
2098	2	29
2099	0	29
2100	2	29
2101	2	29
2102	2	29
2103	1	29
2104	0	29
2105	0	29
2106	0	29
2107	1	29
2108	2	29
2109	0	29
2110	0	29
2111	4	29
2112	1	29
2113	3	29
2114	0	29
2115	0	29
2116	3	29
2117	0	29
2118	0	29
2119	1	29
2120	0	29
2121	2	29
2122	2	29
2123	1	29
2124	1	29
2125	2	29
2126	1	29
2127	2	29
2128	0	29
2129	3	29
2130	0	29
2131	1	29
2132	1	29
2133	1	29
2134	1	29
2135	0	29
2136	0	29
2137	0	29
2138	0	29
2139	0	29
2140	0	29
2141	2	29
2142	2	29
2143	1	29
2144	0	29
2145	1	29
2146	1	29
2147	3	29
2148	1	29
2149	0	29
2150	2	29
2151	1	29
2152	1	29
2153	1	29
2154	0	29
2155	0	29
2156	0	29
2157	1	29
2158	0	29
2159	3	29
2160	0	29
2161	2	29
2162	0	29
2163	0	29
2164	1	29
2165	1	29
2166	1	29
2167	1	29
2168	0	29
2169	0	29
2170	0	29
2171	1	29
2172	0	29
2173	2	29
2174	0	29
2175	1	29
2176	1	29
2177	0	29
2178	1	29
2179	2	29
2180	1	29
2181	0	29
2182	0	29
2183	0	29
2184	1	29
2185	2	29
2186	1	29
2187	1	29
2188	0	29
2189	0	29
2190	2	29
2191	0	29
2192	0	29
2193	1	29
2194	1	29
2195	0	29
2196	0	29
2197	0	29
2198	0	29
2199	0	29
2200	1	29
2201	2	29
2202	1	29
2203	0	29
2204	1	29
2205	1	29
2206	0	29
2207	2	29
2208	2	29
2209	0	29
2210	1	29
2211	1	29
2212	1	29
2213	0	29
2214	1	29
2215	0	29
2216	3	29
2217	1	29
2218	0	29
2219	3	29
2220	1	29
2221	0	29
2222	0	29
2223	0	29
2224	0	29
2225	2	29
2226	1	29
2227	1	29
2228	0	29
2229	1	29
2230	0	29
2231	0	29
2232	2	29
2233	1	29
2234	0	29
2235	3	29
2236	0	29
2237	0	29
2238	0	29
2239	0	29
2240	0	29
2241	2	29
2242	1	29
2243	0	29
2244	3	29
2245	0	29
2246	0	29
2247	1	29
2248	1	29
2249	1	29
2250	0	29
2251	0	29
2252	1	29
2253	0	29
2254	1	29
2255	1	29
2256	0	29
2257	0	29
2258	0	29
2259	1	29
2260	1	29
2261	1	29
2262	0	29
2263	0	29
2264	1	29
2265	1	29
2266	1	29
2267	2	29
2268	1	29
2269	1	29
2270	1	29
2271	0	29
2272	0	29
2273	2	29
2274	0	29
2275	1	29
2276	2	29
2277	1	29
2278	0	29
2279	2	29
2280	0	29
2281	1	29
2282	0	29
2283	0	29
2284	0	29
2285	1	29
2286	0	29
2287	0	29
2288	0	29
2289	0	29
2290	0	29
2291	1	29
2292	2	29
2293	0	29
2294	1	29
2295	0	29
2296	1	29
2297	0	29
2298	2	29
2299	0	29
2300	0	29
2301	1	29
2302	1	29
2303	0	29
2304	1	29
2305	1	29
2306	3	29
2307	0	29
2308	0	29
2309	1	29
2310	0	29
2311	0	29
2312	0	29
2313	0	29
2314	1	29
2315	0	29
2316	2	29
2317	1	29
2318	0	29
2319	0	29
2320	1	29
2321	1	29
2322	1	29
2323	0	29
2324	0	29
2325	0	29
2326	0	29
2327	1	29
2328	1	29
2329	1	29
2330	0	29
2331	2	29
2332	0	29
2333	0	29
2334	0	29
2335	0	29
2336	2	29
2337	0	29
2338	0	29
2339	0	29
2340	0	29
2341	0	29
2342	0	29
2343	0	29
2344	0	29
2345	0	29
2346	3	29
2347	1	29
2348	2	29
2349	2	29
2350	0	29
2351	0	29
2352	0	29
2353	0	29
2354	2	29
2355	0	29
2356	1	29
2357	0	29
2358	1	29
2359	0	29
2360	0	29
2361	0	29
2362	1	29
2363	1	29
2364	0	29
2365	0	29
2366	0	29
2367	0	29
2368	1	29
2369	2	29
2370	0	29
2371	1	29
2372	0	29
2373	0	29
2374	0	29
2375	0	29
2376	0	29
2377	1	29
2378	0	29
2379	0	29
2380	0	29
2381	0	29
2382	1	29
2383	0	29
2384	1	29
2385	1	29
2386	0	29
2387	0	29
2388	1	29
2389	1	29
2390	0	29
2391	1	29
2392	1	29
2393	0	29
2394	1	29
2395	2	29
2396	0	29
2397	0	29
2398	0	29
2399	1	29
2400	1	29
2401	1	29
2402	0	29
2403	2	29
2404	1	29
2405	0	29
2406	1	29
2407	1	29
2408	1	29
2409	2	29
2410	0	29
2411	0	29
2412	0	29
2413	0	29
2414	3	29
2415	0	29
2416	0	29
2417	0	29
2418	0	29
2419	0	29
2420	0	29
2421	0	29
2422	0	29
2423	0	29
2424	0	29
2425	0	29
2426	3	29
2427	0	29
2428	3	29
2429	0	29
2430	2	29
2431	0	29
2432	0	29
2433	0	29
2434	1	29
2435	0	29
2436	0	29
2437	0	29
2438	0	29
2439	0	29
2440	0	29
2441	0	29
2442	2	29
2443	1	29
2444	0	29
2445	0	29
2446	0	29
2447	1	29
2448	0	29
2449	0	29
2450	0	29
2451	2	29
2452	1	29
2453	0	29
2454	1	29
2455	1	29
2456	1	29
2457	1	29
2458	0	29
2459	0	29
2460	0	29
2461	0	29
2462	0	29
2463	1	29
2464	0	29
2465	1	29
2466	3	29
2467	1	29
2468	1	29
2469	2	29
2470	1	29
2471	1	29
2472	1	29
2473	0	29
2474	0	29
2475	1	29
2476	1	29
2477	1	29
2478	0	29
2479	2	29
2480	0	29
2481	1	29
2482	0	29
2483	1	29
2484	2	29
2485	0	29
2486	1	29
2487	1	29
2488	0	29
2489	0	29
2490	1	29
2491	1	29
2492	0	29
2493	0	29
2494	1	29
2495	2	29
2496	0	29
2497	0	29
2498	0	29
2499	0	29
2500	1	29
2501	1	29
2502	0	29
2503	1	29
2504	0	29
2505	1	29
2506	0	29
2507	0	29
2508	0	29
2509	0	29
2510	1	29
2511	0	29
2512	0	29
2513	0	29
2514	1	29
2515	1	29
2516	0	29
2517	0	29
2518	2	29
2519	1	29
2520	0	29
2521	0	29
2522	2	29
2523	4	29
2524	1	29
2525	1	29
2526	0	29
2527	0	29
2528	1	29
2529	0	29
2530	0	29
2531	1	29
2532	0	29
2533	2	29
2534	1	29
2535	1	29
2536	2	29
2537	1	29
2538	2	29
2539	0	29
2540	2	29
2541	0	29
2542	1	29
2543	1	29
2544	0	29
2545	1	29
2546	1	29
2547	0	29
2548	1	29
2549	0	29
2550	1	29
2551	0	29
2552	3	29
2553	1	29
2554	1	29
2555	0	29
2556	0	29
2557	1	29
2558	2	29
2559	0	29
2560	0	29
2561	1	29
2562	1	29
2563	1	29
2564	1	29
2565	0	29
2566	0	29
2567	0	29
2568	0	29
2569	1	29
2570	0	29
2571	2	29
2572	0	29
2573	0	29
2574	0	29
2575	1	29
2576	0	29
2577	2	29
2578	0	29
2579	0	29
2580	0	29
2581	0	29
2582	2	29
2583	0	29
2584	0	29
2585	0	29
2586	0	29
2587	1	29
2588	1	29
2589	0	29
2590	0	29
2591	0	29
2592	1	29
2593	1	29
2594	0	29
2595	0	29
2596	1	29
2597	0	29
2598	2	29
2599	0	29
2600	0	29
2601	0	29
2602	0	29
2603	0	29
2604	1	29
2605	0	29
2606	1	29
2607	2	29
2608	2	29
2609	0	29
2610	2	29
2611	0	29
2612	1	29
2613	0	29
2614	1	29
2615	0	29
2616	1	29
2617	2	29
2618	2	29
2619	1	29
2620	0	29
2621	1	29
2622	1	29
2623	0	29
2624	0	29
2625	1	29
2626	0	29
2627	0	29
2628	2	29
2629	0	29
2630	2	29
2631	1	29
2632	1	29
2633	0	29
2634	0	29
2635	0	29
2636	2	29
2637	0	29
2638	1	29
2639	0	29
2640	2	29
2641	1	29
2642	2	29
2643	1	29
2644	0	29
2645	0	29
2646	0	29
2647	0	29
2648	0	29
2649	0	29
2650	0	29
2651	1	29
2652	1	29
2653	0	29
2654	0	29
2655	0	29
2656	2	29
2657	0	29
2658	0	29
2659	1	29
2660	1	29
2661	0	29
2662	1	29
2663	0	29
2664	0	29
2665	0	29
2666	0	29
2667	0	29
2668	0	29
2669	1	29
2670	2	29
2671	0	29
2672	0	29
2673	0	29
2674	2	29
2675	1	29
2676	1	29
2677	2	29
2678	1	29
2679	1	29
2680	0	29
2681	1	29
2682	0	29
2683	2	29
2684	2	29
2685	1	29
2686	1	29
2687	1	29
2688	1	29
2689	0	29
2690	0	29
2691	0	29
2692	2	29
2693	0	29
2694	2	29
2695	0	29
2696	1	29
2697	1	29
2698	0	29
2699	0	29
2700	0	29
2701	1	29
2702	1	29
2703	0	29
2704	4	29
2705	1	29
2706	1	29
2707	1	29
2708	0	29
2709	0	29
2710	1	29
2711	0	29
2712	0	29
2713	1	29
2714	2	29
2715	2	29
2716	1	29
2717	0	29
2718	1	29
2719	0	29
2720	1	29
2721	1	29
2722	0	29
2723	1	29
2724	1	29
2725	1	29
2726	2	29
2727	0	29
2728	1	29
2729	0	29
2730	0	29
2731	0	29
2732	1	29
2733	1	29
2734	0	29
2735	0	29
2736	0	29
2737	1	29
2738	1	29
2739	0	29
2740	0	29
2741	2	29
2742	2	29
2743	1	29
2744	0	29
2745	0	29
2746	2	29
2747	1	29
2748	1	29
2749	0	29
2750	0	29
2751	1	29
2752	2	29
2753	0	29
2754	0	29
2755	0	29
2756	0	29
2757	0	29
2758	1	29
2759	1	29
2760	1	29
2761	1	29
2762	0	29
2763	0	29
2764	0	29
2765	0	29
2766	0	29
2767	2	29
2768	0	29
2769	2	29
2770	0	29
2771	2	29
2772	1	29
2773	0	29
2774	0	29
2775	0	29
2776	1	29
2777	0	29
2778	1	29
2779	1	29
2780	1	29
2781	1	29
2782	1	29
2783	2	29
2784	1	29
2785	2	29
2786	0	29
2787	0	29
2788	1	29
2789	0	29
2790	1	29
2791	1	29
2792	1	29
2793	1	29
2794	1	29
2795	0	29
2796	0	29
2797	0	29
2798	0	29
2799	0	29
2800	2	29
2801	2	29
2802	2	29
2803	0	29
2804	1	29
2805	0	29
2806	0	29
2807	0	29
2808	0	29
2809	2	29
2810	0	29
2811	0	29
2812	1	29
2813	1	29
2814	0	29
2815	1	29
2816	0	29
2817	0	29
2818	1	29
2819	0	29
2820	1	29
2821	0	29
2822	1	29
2823	1	29
2824	0	29
2825	1	29
2826	1	29
2827	0	29
2828	0	29
2829	0	29
2830	0	29
2831	0	29
2832	3	29
2833	0	29
2834	0	29
2835	0	29
2836	0	29
2837	1	29
2838	0	29
2839	0	29
2840	0	29
2841	2	29
2842	0	29
2843	0	29
2844	0	29
2845	0	29
2846	0	29
2847	0	29
2848	2	29
2849	0	29
2850	0	29
2851	0	29
2852	0	29
2853	1	29
2854	1	29
2855	1	29
2856	1	29
2857	2	29
2858	0	29
2859	1	29
2860	3	29
2861	0	29
2862	0	29
2863	2	29
2864	1	29
2865	1	29
2866	1	29
2867	0	29
2868	0	29
2869	0	29
2870	2	29
2871	0	29
2872	1	29
2873	0	29
2874	1	29
2875	1	29
2876	1	29
2877	2	29
2878	0	29
2879	1	29
2880	0	29
2881	0	29
2882	0	29
2883	1	29
2884	0	29
2885	0	29
2886	0	29
2887	0	29
2888	0	29
2889	1	29
2890	1	29
2891	0	29
2892	2	29
2893	0	29
2894	1	29
2895	0	29
2896	0	29
2897	0	29
2898	0	29
2899	0	29
2900	1	29
2901	0	29
2902	0	29
2903	1	29
2904	0	29
2905	1	29
2906	0	29
2907	0	29
2908	1	29
2909	0	29
2910	1	29
2911	0	29
2912	1	29
2913	0	29
2914	1	29
2915	0	29
2916	1	29
2917	0	29
2918	1	29
2919	1	29
2920	0	29
2921	0	29
2922	1	29
2923	0	29
2924	0	29
2925	0	29
2926	0	29
2927	1	29
2928	1	29
2929	0	29
2930	0	29
2931	1	29
2932	0	29
2933	0	29
2934	1	29
2935	0	29
2936	0	29
2937	0	29
2938	2	29
2939	0	29
2940	0	29
2941	1	29
2942	0	29
2943	0	29
2944	0	29
2945	1	29
2946	0	29
2947	0	29
2948	0	29
2949	0	29
2950	0	29
2951	0	29
2952	0	29
2953	0	29
2954	0	29
2955	0	29
2956	0	29
2957	1	29
2958	0	29
2959	0	29
2960	2	29
2961	0	29
2962	1	29
2963	1	29
2964	2	29
2965	0	29
2966	0	29
2967	1	29
2968	0	29
2969	1	29
2970	0	29
2971	0	29
2972	1	29
2973	3	29
2974	1	29
2975	0	29
2976	1	29
2977	0	29
2978	0	29
2979	0	29
2980	0	29
2981	1	29
2982	3	29
2983	0	29
2984	1	29
2985	0	29
2986	2	29
2987	1	29
2988	0	29
2989	1	29
2990	0	29
2991	0	29
2992	1	29
2993	0	29
2994	0	29
2995	0	29
2996	0	29
2997	1	29
2998	2	29
2999	2	29
3000	1	29
3001	2	29
3002	0	29
3003	0	29
3004	0	29
3005	0	29
3006	1	29
3007	0	29
3008	0	29
3009	0	29
3010	0	29
3011	0	29
3012	2	29
3013	0	29
3014	1	29
3015	0	29
3016	1	29
3017	1	29
3018	1	29
3019	1	29
3020	0	29
3021	0	29
3022	0	29
3023	0	29
3024	1	29
3025	0	29
3026	0	29
3027	0	29
3028	0	29
3029	1	29
3030	0	29
3031	0	29
3032	0	29
3033	1	29
3034	0	29
3035	0	29
3036	0	29
3037	0	29
3038	1	29
3039	0	29
3040	1	29
3041	0	29
3042	1	29
3043	0	29
3044	3	29
3045	1	29
3046	0	29
3047	0	29
3048	0	29
3049	1	29
3050	0	29
3051	1	29
3052	1	29
3053	1	29
3054	0	29
3055	0	29
3056	0	29
3057	0	29
3058	0	29
3059	0	29
3060	1	29
3061	0	29
3062	1	29
3063	0	29
3064	0	29
3065	1	29
3066	0	29
3067	2	29
3068	0	29
3069	0	29
3070	1	29
3071	1	29
3072	2	29
3073	0	29
3074	0	29
3075	0	29
3076	1	29
3077	1	29
3078	0	29
3079	0	29
3080	2	29
3081	0	29
3082	0	29
3083	0	29
3084	1	29
3085	0	29
3086	0	29
3087	1	29
3088	0	29
3089	1	29
3090	0	29
3091	0	29
3092	1	29
3093	0	29
3094	0	29
3095	0	29
3096	1	29
3097	2	29
3098	0	29
3099	0	29
3100	0	29
3101	0	29
3102	0	29
3103	0	29
3104	0	29
3105	0	29
3106	1	29
3107	1	29
3108	2	29
3109	0	29
3110	1	29
3111	0	29
3112	0	29
3113	0	29
3114	0	29
3115	1	29
3116	0	29
3117	0	29
3118	1	29
3119	0	29
3120	1	29
3121	1	29
3122	0	29
3123	1	29
3124	1	29
3125	0	29
3126	0	29
3127	2	29
3128	0	29
3129	0	29
3130	1	29
3131	1	29
3132	0	29
3133	1	29
3134	2	29
3135	0	29
3136	1	29
3137	1	29
3138	0	29
3139	0	29
3140	0	29
3141	0	29
3142	0	29
3143	1	29
3144	0	29
3145	0	29
3146	0	29
3147	0	29
3148	0	29
3149	0	29
3150	1	29
3151	0	29
3152	0	29
3153	0	29
3154	0	29
3155	0	29
3156	0	29
3157	1	29
3158	1	29
3159	2	29
3160	1	29
3161	0	29
3162	0	29
3163	0	29
3164	1	29
3165	0	29
3166	1	29
3167	0	29
3168	0	29
3169	0	29
3170	1	29
3171	0	29
3172	1	29
3173	1	29
3174	0	29
3175	0	29
3176	0	29
3177	0	29
3178	1	29
3179	1	29
3180	1	29
3181	0	29
3182	2	29
3183	0	29
3184	0	29
3185	0	29
3186	1	29
3187	0	29
3188	0	29
3189	0	29
3190	3	29
3191	0	29
3192	0	29
3193	0	29
3194	0	29
3195	1	29
3196	0	29
3197	1	29
3198	0	29
3199	1	29
3200	1	29
3201	0	29
3202	1	29
3203	2	29
3204	2	29
3205	1	29
3206	2	29
3207	1	29
3208	1	29
3209	1	29
3210	0	29
3211	0	29
3212	1	29
3213	1	29
3214	0	29
3215	0	29
3216	1	29
3217	0	29
3218	1	29
3219	1	29
3220	1	29
3221	0	29
3222	2	29
3223	1	29
3224	0	29
3225	1	29
3226	0	29
3227	1	29
3228	0	29
3229	1	29
3230	0	29
3231	2	29
3232	0	29
3233	1	29
3234	0	29
3235	0	29
3236	2	29
3237	0	29
3238	1	29
3239	0	29
3240	1	29
3241	1	29
3242	2	29
3243	2	29
3244	1	29
3245	1	29
3246	1	29
3247	0	29
3248	1	29
3249	0	29
3250	0	29
3251	0	29
3252	1	29
3253	0	29
3254	0	29
3255	0	29
3256	1	29
3257	0	29
3258	0	29
3259	0	29
3260	0	29
3261	1	29
3262	0	29
3263	0	29
3264	0	29
3265	0	29
3266	0	29
3267	1	29
3268	0	29
3269	0	29
3270	0	29
3271	0	29
3272	0	29
3273	1	29
3274	0	29
3275	0	29
3276	2	29
3277	0	29
3278	0	29
3279	1	29
3280	1	29
3281	0	29
3282	1	29
3283	1	29
3284	0	29
3285	0	29
3286	1	29
3287	0	29
3288	3	29
3289	1	29
3290	2	29
3291	0	29
3292	1	29
3293	0	29
3294	0	29
3295	1	29
3296	0	29
3297	0	29
3298	0	29
3299	1	29
3300	0	29
3301	0	29
3302	0	29
3303	0	29
3304	1	29
3305	0	29
3306	0	29
3307	2	29
3308	1	29
3309	0	29
3310	3	29
3311	0	29
3312	1	29
3313	2	29
3314	1	29
3315	0	29
3316	0	29
3317	0	29
3318	0	29
3319	1	29
3320	0	29
3321	1	29
3322	2	29
3323	0	29
3324	1	29
3325	0	29
3326	0	29
3327	0	29
3328	1	29
3329	0	29
3330	0	29
3331	1	29
3332	0	29
3333	1	29
3334	1	29
3335	1	29
3336	2	29
3337	0	29
3338	1	29
3339	0	29
3340	1	29
3341	0	29
3342	0	29
3343	0	29
3344	0	29
3345	1	29
3346	0	29
3347	0	29
3348	1	29
3349	0	29
3350	1	29
3351	1	29
3352	0	29
3353	0	29
3354	0	29
3355	1	29
3356	0	29
3357	0	29
3358	1	29
3359	0	29
3360	0	29
3361	1	29
3362	0	29
3363	0	29
3364	0	29
3365	0	29
3366	0	29
3367	1	29
3368	0	29
3369	1	29
3370	0	29
3371	0	29
3372	0	29
3373	0	29
3374	0	29
3375	0	29
3376	0	29
3377	0	29
3378	0	29
3379	2	29
3380	0	29
3381	0	29
3382	1	29
3383	0	29
3384	0	29
3385	0	29
3386	0	29
3387	0	29
3388	1	29
3389	1	29
3390	1	29
3391	2	29
3392	1	29
3393	1	29
3394	0	29
3395	0	29
3396	0	29
3397	0	29
3398	0	29
3399	0	29
3400	0	29
3401	1	29
3402	0	29
3403	0	29
3404	2	29
3405	1	29
3406	2	29
3407	0	29
3408	0	29
3409	1	29
3410	0	29
3411	2	29
3412	1	29
3413	0	29
3414	1	29
3415	1	29
3416	1	29
3417	0	29
3418	0	29
3419	0	29
3420	1	29
3421	3	29
3422	1	29
3423	0	29
3424	0	29
3425	3	29
3426	0	29
3427	1	29
3428	1	29
3429	0	29
3430	1	29
3431	1	29
3432	0	29
3433	1	29
3434	0	29
3435	0	29
3436	0	29
3437	0	29
3438	0	29
3439	0	29
3440	1	29
3441	3	29
3442	0	29
3443	0	29
3444	0	29
3445	0	29
3446	1	29
3447	0	29
3448	0	29
3449	0	29
3450	1	29
3451	0	29
3452	0	29
3453	0	29
3454	0	29
3455	0	29
3456	0	29
3457	0	29
3458	0	29
3459	0	29
3460	2	29
3461	0	29
3462	2	29
3463	0	29
3464	1	29
3465	0	29
3466	0	29
3467	1	29
3468	2	29
3469	0	29
3470	1	29
3471	1	29
3472	0	29
3473	0	29
3474	0	29
3475	0	29
3476	0	29
3477	0	29
3478	1	29
3479	0	29
3480	2	29
3481	0	29
3482	0	29
3483	0	29
3484	0	29
3485	1	29
3486	1	29
3487	0	29
3488	0	29
3489	0	29
3490	1	29
3491	0	29
3492	0	29
3493	0	29
3494	1	29
3495	0	29
3496	0	29
3497	0	29
3498	2	29
3499	0	29
3500	0	29
3501	1	29
3502	0	29
3503	0	29
3504	0	29
3505	0	29
3506	0	29
3507	0	29
3508	1	29
3509	0	29
3510	0	29
3511	0	29
3512	0	29
3513	0	29
3514	0	29
3515	0	29
3516	0	29
3517	1	29
3518	0	29
3519	0	29
3520	0	29
3521	1	29
3522	0	29
3523	2	29
3524	0	29
3525	0	29
3526	0	29
3527	0	29
3528	1	29
3529	0	29
3530	0	29
3531	0	29
3532	2	29
3533	0	29
3534	0	29
3535	0	29
3536	1	29
3537	0	29
3538	1	29
3539	1	29
3540	0	29
3541	1	29
3542	0	29
3543	0	29
3544	0	29
3545	0	29
3546	1	29
3547	1	29
3548	0	29
3549	0	29
3550	0	29
3551	0	29
3552	3	29
3553	0	29
3554	1	29
3555	1	29
3556	0	29
3557	0	29
3558	0	29
3559	1	29
3560	0	29
3561	0	29
3562	0	29
3563	1	29
3564	0	29
3565	1	29
3566	1	29
3567	0	29
3568	0	29
3569	0	29
3570	0	29
3571	1	29
3572	0	29
3573	1	29
3574	1	29
3575	2	29
3576	0	29
3577	1	29
3578	0	29
3579	0	29
3580	0	29
3581	0	29
3582	0	29
3583	0	29
3584	1	29
3585	0	29
3586	0	29
3587	0	29
3588	0	29
3589	0	29
3590	0	29
3591	0	29
3592	1	29
3593	1	29
3594	0	29
3595	1	29
3596	1	29
3597	3	29
3598	2	29
3599	0	29
3600	0	29
3601	0	29
3602	1	29
3603	0	29
3604	0	29
3605	0	29
3606	1	29
3607	0	29
3608	1	29
3609	1	29
3610	1	29
3611	0	29
3612	0	29
3613	3	29
3614	1	29
3615	0	29
3616	0	29
3617	0	29
3618	1	29
3619	0	29
3620	1	29
3621	1	29
3622	0	29
3623	0	29
3624	0	29
3625	0	29
3626	0	29
3627	0	29
3628	0	29
3629	0	29
3630	0	29
3631	0	29
3632	0	29
3633	0	29
3634	1	29
3635	0	29
3636	0	29
3637	1	29
3638	0	29
3639	0	29
3640	2	29
3641	0	29
3642	0	29
3643	0	29
3644	0	29
3645	0	29
3646	1	29
3647	0	29
3648	0	29
3649	0	29
3650	0	29
3651	2	29
3652	0	29
3653	0	29
3654	1	29
3655	0	29
3656	0	29
3657	0	29
3658	0	29
3659	0	29
3660	1	29
3661	0	29
3662	0	29
3663	0	29
3664	0	29
3665	0	29
3666	0	29
3667	0	29
3668	0	29
3669	0	29
3670	0	29
3671	0	29
3672	0	29
3673	0	29
3674	0	29
3675	1	29
3676	2	29
3677	0	29
3678	0	29
3679	0	29
3680	1	29
3681	0	29
3682	0	29
3683	0	29
3684	1	29
3685	0	29
3686	0	29
3687	1	29
3688	1	29
3689	0	29
3690	1	29
3691	1	29
3692	0	29
3693	1	29
3694	2	29
3695	1	29
3696	0	29
3697	0	29
3698	1	29
3699	0	29
3700	1	29
3701	0	29
3702	0	29
3703	0	29
3704	0	29
3705	0	29
3706	0	29
3707	0	29
3708	0	29
3709	1	29
3710	0	29
3711	0	29
3712	0	29
3713	0	29
3714	0	29
3715	0	29
3716	0	29
3717	0	29
3718	0	29
3719	0	29
3720	2	29
3721	0	29
3722	0	29
3723	1	29
3724	0	29
3725	0	29
3726	0	29
3727	0	29
3728	0	29
3729	0	29
3730	1	29
3731	0	29
3732	0	29
3733	0	29
3734	0	29
3735	0	29
3736	1	29
3737	0	29
3738	0	29
3739	0	29
3740	0	29
3741	0	29
3742	0	29
3743	0	29
3744	2	29
3745	0	29
3746	0	29
3747	0	29
3748	0	29
3749	0	29
3750	1	29
3751	0	29
3752	0	29
3753	0	29
3754	1	29
3755	0	29
3756	0	29
3757	0	29
3758	0	29
3759	1	29
3760	1	29
3761	0	29
3762	0	29
3763	0	29
3764	0	29
3765	1	29
3766	0	29
3767	0	29
3768	0	29
3769	0	29
3770	0	29
3771	0	29
3772	0	29
3773	0	29
3774	1	29
3775	0	29
3776	0	29
3777	0	29
3778	1	29
3779	0	29
3780	0	29
3781	0	29
3782	0	29
3783	0	29
3784	1	29
3785	0	29
3786	0	29
3787	0	29
3788	0	29
3789	0	29
3790	0	29
3791	0	29
3792	0	29
3793	0	29
3794	2	29
3795	0	29
3796	0	29
3797	1	29
3798	0	29
3799	0	29
3800	1	29
3801	1	29
3802	0	29
3803	1	29
3804	1	29
3805	1	29
3806	0	29
3807	0	29
3808	0	29
3809	0	29
3810	0	29
3811	0	29
3812	0	29
3813	0	29
3814	1	29
3815	0	29
3816	0	29
3817	2	29
3818	0	29
3819	0	29
3820	0	29
3821	0	29
3822	0	29
3823	0	29
3824	0	29
3825	0	29
3826	2	29
3827	0	29
3828	0	29
3829	0	29
3830	0	29
3831	0	29
3832	0	29
3833	0	29
3834	0	29
3835	0	29
3836	0	29
3837	0	29
3838	0	29
3839	1	29
3840	0	29
3841	0	29
3842	1	29
3843	0	29
3844	0	29
3845	0	29
3846	0	29
3847	1	29
3848	1	29
3849	0	29
3850	0	29
3851	0	29
3852	1	29
3853	0	29
3854	1	29
3855	1	29
3856	2	29
3857	0	29
3858	0	29
3859	0	29
3860	0	29
3861	1	29
3862	2	29
3863	0	29
3864	1	29
3865	1	29
3866	0	29
3867	0	29
3868	0	29
3869	1	29
3870	1	29
3871	0	29
3872	0	29
3873	1	29
3874	0	29
3875	0	29
3876	3	29
3877	0	29
3878	0	29
3879	1	29
3880	1	29
3881	0	29
3882	0	29
3883	1	29
3884	0	29
3885	0	29
3886	0	29
3887	0	29
3888	0	29
3889	1	29
3890	1	29
3891	0	29
3892	0	29
3893	0	29
3894	1	29
3895	1	29
3896	0	29
3897	1	29
3898	0	29
3899	1	29
3900	0	29
3901	0	29
3902	1	29
3903	0	29
3904	0	29
3905	0	29
3906	1	29
3907	1	29
3908	0	29
3909	0	29
3910	2	29
3911	0	29
3912	2	29
3913	0	29
3914	1	29
3915	2	29
3916	0	29
3917	2	29
3918	0	29
3919	0	29
3920	0	29
3921	0	29
3922	1	29
3923	0	29
3924	0	29
3925	2	29
3926	0	29
3927	0	29
3928	1	29
3929	0	29
3930	1	29
3931	0	29
3932	1	29
3933	1	29
3934	1	29
3935	0	29
3936	0	29
3937	1	29
3938	0	29
3939	0	29
3940	0	29
3941	0	29
3942	2	29
3943	0	29
3944	1	29
3945	0	29
3946	0	29
3947	2	29
3948	0	29
3949	1	29
3950	0	29
3951	0	29
3952	0	29
3953	0	29
3954	1	29
3955	0	29
3956	0	29
3957	0	29
3958	1	29
3959	3	29
3960	0	29
3961	0	29
3962	2	29
3963	1	29
3964	1	29
3965	1	29
3966	0	29
3967	1	29
3968	1	29
3969	0	29
3970	1	29
3971	0	29
3972	0	29
3973	0	29
3974	1	29
3975	1	29
3976	1	29
3977	0	29
3978	0	29
3979	0	29
3980	0	29
3981	0	29
3982	0	29
3983	1	29
3984	1	29
3985	0	29
3986	0	29
3987	2	29
3988	0	29
3989	0	29
3990	1	29
3991	0	29
3992	1	29
3993	0	29
3994	1	29
3995	1	29
3996	0	29
3997	0	29
3998	0	29
3999	0	29
4000	0	29
