Kanalnummer	Impulse	Fit(Impulse)
Kanal/#	Impulse/#	Impulse/#

0	0	5
1	0	5
2	0	5
3	0	5
4	0	5
5	0	5
6	0	5
7	0	5
8	0	5
9	0	5
10	0	5
11	0	5
12	0	5
13	0	5
14	0	5
15	0	5
16	0	5
17	0	5
18	0	5
19	0	5
20	0	5
21	0	5
22	0	5
23	0	5
24	0	5
25	0	5
26	0	5
27	0	5
28	0	5
29	0	5
30	1	5
31	0	5
32	0	5
33	1	5
34	0	5
35	0	5
36	0	5
37	0	5
38	0	5
39	0	5
40	0	5
41	0	5
42	0	5
43	0	5
44	0	5
45	0	5
46	0	5
47	0	5
48	0	5
49	0	5
50	1	5
51	1	5
52	3	5
53	2	5
54	4	5
55	29	5
56	35	5
57	58	5
58	52	5
59	64	5
60	55	5
61	59	5
62	67	5
63	75	5
64	50	5
65	61	5
66	58	5
67	57	5
68	63	5
69	59	5
70	75	5
71	55	5
72	63	5
73	87	5
74	49	5
75	55	5
76	61	5
77	68	5
78	72	5
79	64	5
80	47	5
81	50	5
82	55	5
83	81	5
84	74	5
85	64	5
86	82	5
87	74	5
88	55	5
89	88	5
90	79	5
91	94	5
92	62	5
93	85	5
94	72	5
95	99	5
96	50	5
97	63	5
98	78	5
99	68	5
100	67	5
101	69	5
102	70	5
103	69	5
104	46	5
105	64	5
106	72	5
107	74	5
108	62	5
109	71	5
110	62	5
111	79	5
112	50	5
113	68	5
114	66	5
115	59	5
116	61	5
117	48	5
118	63	5
119	79	5
120	62	5
121	60	5
122	48	5
123	64	5
124	65	5
125	61	5
126	60	5
127	93	5
128	48	5
129	71	5
130	63	5
131	67	5
132	80	5
133	70	5
134	74	5
135	65	5
136	57	5
137	69	5
138	59	5
139	58	5
140	54	5
141	60	5
142	63	5
143	77	5
144	72	5
145	83	5
146	64	5
147	68	5
148	67	5
149	64	5
150	65	5
151	69	5
152	59	5
153	73	5
154	72	5
155	84	5
156	57	5
157	60	5
158	58	5
159	89	5
160	70	5
161	67	5
162	67	5
163	69	5
164	73	5
165	77	5
166	79	5
167	73	5
168	68	5
169	79	5
170	77	5
171	74	5
172	89	5
173	72	5
174	83	5
175	76	5
176	68	5
177	76	5
178	81	5
179	89	5
180	78	5
181	79	5
182	87	5
183	78	5
184	78	5
185	91	5
186	82	5
187	95	5
188	93	5
189	86	5
190	89	5
191	103	5
192	61	5
193	92	5
194	81	5
195	104	5
196	96	5
197	86	5
198	79	5
199	78	5
200	100	5
201	109	5
202	88	5
203	90	5
204	90	5
205	105	5
206	84	5
207	92	5
208	79	5
209	88	5
210	85	5
211	104	5
212	96	5
213	100	5
214	98	5
215	77	5
216	92	5
217	111	5
218	84	5
219	85	5
220	106	5
221	95	5
222	105	5
223	120	5
224	64	5
225	90	5
226	87	5
227	88	5
228	122	5
229	100	5
230	121	5
231	110	5
232	87	5
233	112	5
234	115	5
235	103	5
236	118	5
237	124	5
238	121	5
239	106	5
240	75	5
241	98	5
242	96	5
243	109	5
244	104	5
245	110	5
246	122	5
247	104	5
248	93	5
249	114	5
250	90	5
251	124	5
252	114	5
253	113	5
254	103	5
255	146	5
256	49	5
257	105	5
258	109	5
259	109	5
260	109	5
261	95	5
262	121	5
263	102	5
264	96	5
265	104	5
266	79	5
267	105	5
268	106	5
269	124	5
270	99	5
271	120	5
272	111	5
273	122	5
274	118	5
275	126	5
276	103	5
277	101	5
278	92	5
279	99	5
280	101	5
281	167	5
282	104	5
283	120	5
284	103	5
285	99	5
286	109	5
287	155	5
288	100	5
289	93	5
290	104	5
291	99	5
292	117	5
293	104	5
294	131	5
295	108	5
296	89	5
297	141	5
298	110	5
299	102	5
300	107	5
301	121	5
302	104	5
303	99	5
304	92	5
305	94	5
306	101	5
307	103	5
308	90	5
309	98	5
310	108	5
311	111	5
312	105	5
313	113	5
314	106	5
315	123	5
316	106	5
317	105	5
318	92	5
319	151	5
320	76	5
321	119	5
322	94	5
323	105	5
324	119	5
325	74	5
326	116	5
327	111	5
328	101	5
329	117	5
330	97	5
331	93	5
332	107	5
333	133	5
334	117	5
335	93	5
336	96	5
337	97	5
338	119	5
339	126	5
340	97	5
341	104	5
342	116	5
343	90	5
344	102	5
345	120	5
346	100	5
347	110	5
348	102	5
349	115	5
350	98	5
351	142	5
352	91	5
353	96	5
354	123	5
355	113	5
356	123	5
357	118	5
358	123	5
359	82	5
360	106	5
361	109	5
362	98	5
363	115	5
364	122	5
365	105	5
366	117	5
367	119	5
368	101	5
369	106	5
370	114	5
371	109	5
372	100	5
373	93	5
374	132	5
375	121	5
376	101	5
377	101	5
378	97	5
379	121	5
380	104	5
381	116	5
382	109	5
383	136	5
384	91	5
385	108	5
386	123	5
387	124	5
388	123	5
389	120	5
390	108	5
391	102	5
392	103	5
393	130	5
394	94	5
395	94	5
396	129	5
397	112	5
398	108	5
399	105	5
400	124	5
401	107	5
402	106	5
403	117	5
404	118	5
405	98	5
406	117	5
407	105	5
408	110	5
409	130	5
410	108	5
411	127	5
412	85	5
413	108	5
414	111	5
415	143	5
416	100	5
417	111	5
418	118	5
419	98	5
420	106	5
421	86	5
422	86	5
423	90	5
424	100	5
425	101	5
426	90	5
427	113	5
428	104	5
429	93	5
430	89	5
431	93	5
432	107	5
433	105	5
434	123	5
435	122	5
436	108	5
437	92	5
438	101	5
439	94	5
440	79	5
441	125	5
442	104	5
443	114	5
444	111	5
445	109	5
446	108	5
447	126	5
448	82	5
449	104	5
450	105	5
451	96	5
452	120	5
453	82	5
454	96	5
455	84	5
456	96	5
457	96	5
458	87	5
459	81	5
460	97	5
461	101	5
462	102	5
463	121	5
464	91	5
465	106	5
466	112	5
467	87	5
468	88	5
469	94	5
470	118	5
471	98	5
472	116	5
473	122	5
474	82	5
475	110	5
476	132	5
477	99	5
478	103	5
479	126	5
480	84	5
481	83	5
482	111	5
483	103	5
484	117	5
485	104	5
486	126	5
487	111	5
488	88	5
489	128	5
490	83	5
491	103	5
492	100	5
493	90	5
494	100	5
495	97	5
496	97	5
497	106	5
498	108	5
499	91	5
500	110	5
501	100	5
502	111	5
503	88	5
504	106	5
505	110	5
506	106	5
507	114	5
508	110	5
509	118	5
510	94	5
511	123	5
512	65	5
513	104	5
514	104	5
515	121	5
516	131	5
517	85	5
518	99	5
519	109	5
520	105	5
521	107	5
522	93	5
523	114	5
524	91	5
525	117	5
526	105	5
527	98	5
528	81	5
529	108	5
530	120	5
531	124	5
532	114	5
533	108	5
534	112	5
535	102	5
536	97	5
537	105	5
538	105	5
539	106	5
540	107	5
541	102	5
542	113	5
543	148	5
544	81	5
545	124	5
546	95	5
547	119	5
548	127	5
549	90	5
550	114	5
551	118	5
552	85	5
553	133	5
554	125	5
555	115	5
556	126	5
557	149	5
558	106	5
559	111	5
560	126	5
561	126	5
562	113	5
563	121	5
564	119	5
565	108	5
566	145	5
567	112	5
568	114	5
569	144	5
570	100	5
571	145	5
572	126	5
573	131	5
574	119	5
575	160	5
576	114	5
577	112	5
578	124	5
579	127	5
580	143	5
581	136	5
582	160	5
583	109	5
584	133	5
585	158	5
586	133	5
587	131	5
588	154	5
589	144	5
590	122	5
591	146	5
592	95	5
593	148	5
594	142	5
595	137	5
596	119	5
597	113	5
598	161	5
599	112	5
600	95	5
601	152	5
602	119	5
603	148	5
604	125	5
605	143	5
606	132	5
607	166	5
608	112	5
609	153	5
610	139	5
611	114	5
612	133	5
613	116	5
614	149	5
615	117	5
616	137	5
617	165	5
618	91	5
619	113	5
620	120	5
621	116	5
622	125	5
623	139	5
624	89	5
625	120	5
626	115	5
627	128	5
628	121	5
629	111	5
630	135	5
631	94	5
632	109	5
633	115	5
634	118	5
635	111	5
636	122	5
637	114	5
638	104	5
639	166	5
640	67	5
641	111	5
642	102	5
643	111	5
644	133	5
645	102	5
646	125	5
647	117	5
648	95	5
649	126	5
650	90	5
651	91	5
652	104	5
653	114	5
654	96	5
655	94	5
656	107	5
657	107	5
658	113	5
659	110	5
660	102	5
661	95	5
662	121	5
663	80	5
664	93	5
665	122	5
666	83	5
667	98	5
668	103	5
669	95	5
670	96	5
671	120	5
672	78	5
673	105	5
674	103	5
675	88	5
676	103	5
677	103	5
678	102	5
679	106	5
680	102	5
681	123	5
682	105	5
683	102	5
684	90	5
685	97	5
686	95	5
687	78	5
688	83	5
689	93	5
690	89	5
691	104	5
692	93	5
693	79	5
694	133	5
695	95	5
696	72	5
697	86	5
698	72	5
699	121	5
700	98	5
701	78	5
702	85	5
703	97	5
704	79	5
705	88	5
706	87	5
707	87	5
708	87	5
709	76	5
710	108	5
711	59	5
712	81	5
713	103	5
714	74	5
715	72	5
716	79	5
717	86	5
718	93	5
719	93	5
720	63	5
721	91	5
722	79	5
723	98	5
724	90	5
725	78	5
726	94	5
727	67	5
728	84	5
729	101	5
730	72	5
731	83	5
732	87	5
733	78	5
734	74	5
735	116	5
736	63	5
737	74	5
738	60	5
739	91	5
740	87	5
741	60	5
742	86	5
743	77	5
744	76	5
745	82	5
746	79	5
747	81	5
748	97	5
749	70	5
750	76	5
751	66	5
752	71	5
753	66	5
754	74	5
755	96	5
756	87	5
757	64	5
758	100	5
759	78	5
760	54	5
761	80	5
762	69	5
763	81	5
764	75	5
765	81	5
766	76	5
767	95	5
768	54	5
769	92	5
770	59	5
771	83	5
772	88	5
773	75	5
774	97	5
775	74	5
776	63	5
777	76	5
778	71	5
779	58	5
780	84	5
781	66	5
782	68	5
783	72	5
784	66	5
785	74	5
786	73	5
787	84	5
788	61	5
789	66	5
790	69	5
791	64	5
792	68	5
793	84	5
794	79	5
795	71	5
796	72	5
797	76	5
798	77	5
799	101	5
800	69	5
801	70	5
802	77	5
803	63	5
804	91	5
805	57	5
806	88	5
807	61	5
808	50	5
809	91	5
810	55	5
811	71	5
812	83	5
813	70	5
814	58	5
815	63	5
816	59	5
817	82	5
818	76	5
819	80	5
820	64	5
821	69	5
822	95	5
823	64	5
824	64	5
825	76	5
826	58	5
827	80	5
828	78	5
829	59	5
830	53	5
831	84	5
832	47	5
833	58	5
834	67	5
835	66	5
836	83	5
837	69	5
838	68	5
839	58	5
840	78	5
841	80	5
842	62	5
843	62	5
844	63	5
845	70	5
846	68	5
847	72	5
848	67	5
849	65	5
850	41	5
851	63	5
852	69	5
853	56	5
854	75	5
855	68	5
856	59	5
857	73	5
858	73	5
859	74	5
860	54	5
861	67	5
862	57	5
863	77	5
864	71	5
865	61	5
866	64	5
867	54	5
868	67	5
869	57	5
870	70	5
871	48	5
872	62	5
873	86	5
874	60	5
875	68	5
876	72	5
877	59	5
878	65	5
879	50	5
880	49	5
881	62	5
882	78	5
883	58	5
884	69	5
885	55	5
886	61	5
887	70	5
888	54	5
889	75	5
890	67	5
891	65	5
892	67	5
893	52	5
894	67	5
895	85	5
896	50	5
897	47	5
898	61	5
899	55	5
900	66	5
901	50	5
902	76	5
903	47	5
904	56	5
905	82	5
906	76	5
907	57	5
908	84	5
909	63	5
910	53	5
911	58	5
912	49	5
913	75	5
914	62	5
915	59	5
916	42	5
917	65	5
918	72	5
919	56	5
920	54	5
921	75	5
922	70	5
923	72	5
924	69	5
925	67	5
926	70	5
927	79	5
928	45	5
929	69	5
930	66	5
931	48	5
932	59	5
933	56	5
934	82	5
935	56	5
936	67	5
937	57	5
938	42	5
939	48	5
940	86	5
941	54	5
942	62	5
943	61	5
944	70	5
945	53	5
946	62	5
947	59	5
948	78	5
949	59	5
950	65	5
951	59	5
952	47	5
953	63	5
954	48	5
955	66	5
956	66	5
957	57	5
958	63	5
959	59	5
960	49	5
961	63	5
962	62	5
963	68	5
964	66	5
965	49	5
966	61	5
967	39	5
968	69	5
969	53	5
970	52	5
971	49	5
972	53	5
973	56	5
974	56	5
975	55	5
976	55	5
977	60	5
978	64	5
979	62	5
980	54	5
981	47	5
982	64	5
983	45	5
984	65	5
985	63	5
986	51	5
987	61	5
988	64	5
989	45	5
990	54	5
991	66	5
992	46	5
993	56	5
994	49	5
995	52	5
996	69	5
997	50	5
998	72	5
999	42	5
1000	55	5
1001	74	5
1002	50	5
1003	50	5
1004	78	5
1005	46	5
1006	50	5
1007	64	5
1008	56	5
1009	53	5
1010	51	5
1011	63	5
1012	52	5
1013	56	5
1014	69	5
1015	47	5
1016	54	5
1017	82	5
1018	56	5
1019	52	5
1020	60	5
1021	51	5
1022	49	5
1023	71	5
1024	26	5
1025	46	5
1026	55	5
1027	48	5
1028	66	5
1029	46	5
1030	76	5
1031	44	5
1032	53	5
1033	55	5
1034	55	5
1035	66	5
1036	57	5
1037	57	5
1038	43	5
1039	66	5
1040	39	5
1041	66	5
1042	50	5
1043	71	5
1044	61	5
1045	55	5
1046	60	5
1047	46	5
1048	47	5
1049	50	5
1050	47	5
1051	70	5
1052	45	5
1053	56	5
1054	58	5
1055	51	5
1056	49	5
1057	54	5
1058	59	5
1059	58	5
1060	71	5
1061	52	5
1062	58	5
1063	74	5
1064	52	5
1065	60	5
1066	53	5
1067	58	5
1068	64	5
1069	53	5
1070	57	5
1071	56	5
1072	48	5
1073	54	5
1074	66	5
1075	49	5
1076	50	5
1077	41	5
1078	65	5
1079	59	5
1080	38	5
1081	53	5
1082	40	5
1083	85	5
1084	50	5
1085	60	5
1086	59	5
1087	71	5
1088	42	5
1089	66	5
1090	47	5
1091	42	5
1092	57	5
1093	52	5
1094	69	5
1095	41	5
1096	60	5
1097	66	5
1098	38	5
1099	57	5
1100	49	5
1101	50	5
1102	56	5
1103	53	5
1104	41	5
1105	49	5
1106	70	5
1107	76	5
1108	53	5
1109	51	5
1110	65	5
1111	48	5
1112	60	5
1113	58	5
1114	59	5
1115	61	5
1116	41	5
1117	57	5
1118	39	5
1119	73	5
1120	45	5
1121	60	5
1122	54	5
1123	63	5
1124	58	5
1125	43	5
1126	64	5
1127	49	5
1128	54	5
1129	59	5
1130	58	5
1131	54	5
1132	66	5
1133	49	5
1134	50	5
1135	56	5
1136	43	5
1137	80	5
1138	45	5
1139	49	5
1140	47	5
1141	55	5
1142	61	5
1143	61	5
1144	42	5
1145	70	5
1146	36	5
1147	68	5
1148	51	5
1149	61	5
1150	54	5
1151	65	5
1152	36	5
1153	43	5
1154	56	5
1155	55	5
1156	56	5
1157	54	5
1158	55	5
1159	52	5
1160	39	5
1161	60	5
1162	47	5
1163	62	5
1164	68	5
1165	55	5
1166	50	5
1167	53	5
1168	39	5
1169	52	5
1170	49	5
1171	42	5
1172	55	5
1173	45	5
1174	54	5
1175	52	5
1176	58	5
1177	60	5
1178	44	5
1179	64	5
1180	51	5
1181	67	5
1182	47	5
1183	65	5
1184	44	5
1185	39	5
1186	55	5
1187	56	5
1188	78	5
1189	57	5
1190	59	5
1191	55	5
1192	53	5
1193	76	5
1194	46	5
1195	47	5
1196	60	5
1197	53	5
1198	54	5
1199	55	5
1200	48	5
1201	60	5
1202	58	5
1203	52	5
1204	49	5
1205	48	5
1206	61	5
1207	54	5
1208	50	5
1209	63	5
1210	49	5
1211	58	5
1212	54	5
1213	36	5
1214	75	5
1215	61	5
1216	42	5
1217	45	5
1218	57	5
1219	62	5
1220	90	5
1221	58	5
1222	68	5
1223	52	5
1224	64	5
1225	59	5
1226	51	5
1227	51	5
1228	56	5
1229	61	5
1230	60	5
1231	56	5
1232	33	5
1233	62	5
1234	56	5
1235	59	5
1236	55	5
1237	49	5
1238	72	5
1239	45	5
1240	58	5
1241	56	5
1242	61	5
1243	52	5
1244	36	5
1245	49	5
1246	57	5
1247	74	5
1248	38	5
1249	43	5
1250	63	5
1251	46	5
1252	59	5
1253	53	5
1254	67	5
1255	47	5
1256	46	5
1257	68	5
1258	48	5
1259	63	5
1260	45	5
1261	58	5
1262	54	5
1263	47	5
1264	41	5
1265	51	5
1266	52	5
1267	59	5
1268	50	5
1269	46	5
1270	75	5
1271	53	5
1272	43	5
1273	59	5
1274	53	5
1275	62	5
1276	63	5
1277	49	5
1278	70	5
1279	55	5
1280	37	5
1281	51	5
1282	49	5
1283	50	5
1284	67	5
1285	43	5
1286	52	5
1287	57	5
1288	56	5
1289	74	5
1290	51	5
1291	68	5
1292	60	5
1293	59	5
1294	52	5
1295	44	5
1296	51	5
1297	49	5
1298	58	5
1299	70	5
1300	55	5
1301	42	5
1302	57	5
1303	52	5
1304	39	5
1305	56	5
1306	47	5
1307	64	5
1308	49	5
1309	56	5
1310	41	5
1311	72	5
1312	58	5
1313	53	5
1314	53	5
1315	55	5
1316	47	5
1317	45	5
1318	57	5
1319	57	5
1320	41	5
1321	56	5
1322	44	5
1323	55	5
1324	46	5
1325	58	5
1326	42	5
1327	42	5
1328	40	5
1329	57	5
1330	64	5
1331	60	5
1332	53	5
1333	38	5
1334	53	5
1335	55	5
1336	36	5
1337	39	5
1338	33	5
1339	54	5
1340	33	5
1341	50	5
1342	52	5
1343	50	5
1344	39	5
1345	48	5
1346	54	5
1347	44	5
1348	59	5
1349	40	5
1350	55	5
1351	40	5
1352	39	5
1353	46	5
1354	43	5
1355	48	5
1356	63	5
1357	35	5
1358	32	5
1359	48	5
1360	25	5
1361	57	5
1362	48	5
1363	51	5
1364	43	5
1365	44	5
1366	48	5
1367	32	5
1368	37	5
1369	46	5
1370	34	5
1371	52	5
1372	48	5
1373	45	5
1374	48	5
1375	45	5
1376	45	5
1377	36	5
1378	40	5
1379	40	5
1380	43	5
1381	23	5
1382	51	5
1383	43	5
1384	33	5
1385	49	5
1386	41	5
1387	28	5
1388	46	5
1389	45	5
1390	42	5
1391	44	5
1392	35	5
1393	39	5
1394	43	5
1395	36	5
1396	28	5
1397	23	5
1398	52	5
1399	34	5
1400	33	5
1401	39	5
1402	26	5
1403	42	5
1404	28	5
1405	27	5
1406	29	5
1407	43	5
1408	34	5
1409	32	5
1410	30	5
1411	32	5
1412	35	5
1413	30	5
1414	33	5
1415	20	5
1416	30	5
1417	32	5
1418	34	5
1419	32	5
1420	38	5
1421	33	5
1422	27	5
1423	30	5
1424	27	5
1425	26	5
1426	25	5
1427	34	5
1428	25	5
1429	29	5
1430	28	5
1431	27	5
1432	20	5
1433	26	5
1434	28	5
1435	33	5
1436	27	5
1437	29	5
1438	34	5
1439	34	5
1440	21	5
1441	22	5
1442	27	5
1443	20	5
1444	20	5
1445	18	5
1446	31	5
1447	27	5
1448	16	5
1449	29	5
1450	27	5
1451	25	5
1452	32	5
1453	25	5
1454	24	5
1455	18	5
1456	31	5
1457	20	5
1458	32	5
1459	23	5
1460	25	5
1461	16	5
1462	21	5
1463	22	5
1464	19	5
1465	17	5
1466	20	5
1467	34	5
1468	17	5
1469	24	5
1470	21	5
1471	32	5
1472	22	5
1473	26	5
1474	23	5
1475	20	5
1476	27	5
1477	14	5
1478	26	5
1479	16	5
1480	21	5
1481	23	5
1482	17	5
1483	22	5
1484	22	5
1485	26	5
1486	26	5
1487	19	5
1488	10	5
1489	20	5
1490	23	5
1491	25	5
1492	20	5
1493	12	5
1494	23	5
1495	25	5
1496	19	5
1497	20	5
1498	15	5
1499	20	5
1500	16	5
1501	22	5
1502	14	5
1503	29	5
1504	12	5
1505	13	5
1506	21	5
1507	13	5
1508	23	5
1509	20	5
1510	22	5
1511	14	5
1512	17	5
1513	17	5
1514	6	5
1515	19	5
1516	19	5
1517	8	5
1518	13	5
1519	14	5
1520	20	5
1521	22	5
1522	19	5
1523	16	5
1524	17	5
1525	15	5
1526	14	5
1527	12	5
1528	24	5
1529	14	5
1530	21	5
1531	17	5
1532	9	5
1533	9	5
1534	11	5
1535	20	5
1536	14	5
1537	9	5
1538	15	5
1539	11	5
1540	27	5
1541	13	5
1542	18	5
1543	12	5
1544	8	5
1545	24	5
1546	10	5
1547	16	5
1548	16	5
1549	18	5
1550	17	5
1551	13	5
1552	25	5
1553	19	5
1554	12	5
1555	21	5
1556	18	5
1557	12	5
1558	20	5
1559	11	5
1560	11	5
1561	14	5
1562	7	5
1563	11	5
1564	12	5
1565	16	5
1566	20	5
1567	13	5
1568	13	5
1569	13	5
1570	19	5
1571	12	5
1572	16	5
1573	13	5
1574	15	5
1575	12	5
1576	10	5
1577	14	5
1578	12	5
1579	8	5
1580	17	5
1581	11	5
1582	12	5
1583	13	5
1584	13	5
1585	11	5
1586	12	5
1587	18	5
1588	18	5
1589	10	5
1590	14	5
1591	13	5
1592	13	5
1593	8	5
1594	11	5
1595	15	5
1596	14	5
1597	15	5
1598	10	5
1599	11	5
1600	15	5
1601	6	5
1602	10	5
1603	7	5
1604	18	5
1605	5	5
1606	13	5
1607	5	5
1608	9	5
1609	10	5
1610	11	5
1611	6	5
1612	17	5
1613	8	5
1614	13	5
1615	11	5
1616	8	5
1617	11	5
1618	11	5
1619	12	5
1620	11	5
1621	7	5
1622	16	5
1623	10	5
1624	10	5
1625	11	5
1626	10	5
1627	9	5
1628	9	5
1629	7	5
1630	12	5
1631	10	5
1632	8	5
1633	12	5
1634	9	5
1635	12	5
1636	15	5
1637	10	5
1638	15	5
1639	6	5
1640	8	5
1641	10	5
1642	6	5
1643	12	5
1644	13	5
1645	12	5
1646	12	5
1647	9	5
1648	5	5
1649	9	5
1650	11	5
1651	12	5
1652	8	5
1653	8	5
1654	11	5
1655	11	5
1656	12	5
1657	5	5
1658	7	5
1659	7	5
1660	11	5
1661	11	5
1662	5	5
1663	10	5
1664	7	5
1665	7	5
1666	12	5
1667	12	5
1668	7	5
1669	9	5
1670	11	5
1671	6	5
1672	10	5
1673	11	5
1674	12	5
1675	5	5
1676	7	5
1677	9	5
1678	10	5
1679	5	5
1680	13	5
1681	5	5
1682	9	5
1683	10	5
1684	7	5
1685	7	5
1686	10	5
1687	9	5
1688	10	5
1689	10	5
1690	9	5
1691	6	5
1692	9	5
1693	11	5
1694	9	5
1695	9	5
1696	5	5
1697	9	5
1698	7	5
1699	5	5
1700	12	5
1701	9	5
1702	13	5
1703	7	5
1704	6	5
1705	7	5
1706	5	5
1707	11	5
1708	14	5
1709	10	5
1710	4	5
1711	8	5
1712	13	5
1713	11	5
1714	3	5
1715	13	5
1716	16	5
1717	7	5
1718	10	5
1719	8	5
1720	6	5
1721	6	5
1722	9	5
1723	10	5
1724	7	5
1725	8	5
1726	7	5
1727	4	5
1728	11	5
1729	12	5
1730	13	5
1731	8	5
1732	7	5
1733	7	5
1734	14	5
1735	7	5
1736	10	5
1737	10	5
1738	7	6
1739	8	6
1740	12	6
1741	11	6
1742	14	6
1743	18	6
1744	3	6
1745	12	6
1746	8	6
1747	8	6
1748	3	6
1749	10	6
1750	11	6
1751	7	6
1752	13	6
1753	12	6
1754	3	6
1755	12	6
1756	14	6
1757	10	6
1758	3	7
1759	17	7
1760	5	7
1761	15	7
1762	10	7
1763	13	7
1764	14	7
1765	6	7
1766	22	7
1767	7	7
1768	10	7
1769	15	8
1770	13	8
1771	13	8
1772	12	8
1773	11	8
1774	15	8
1775	10	8
1776	11	8
1777	11	9
1778	14	9
1779	15	9
1780	13	9
1781	10	9
1782	18	9
1783	22	9
1784	15	10
1785	14	10
1786	6	10
1787	15	10
1788	14	10
1789	11	11
1790	16	11
1791	12	11
1792	9	11
1793	19	12
1794	8	12
1795	20	12
1796	19	12
1797	13	13
1798	16	13
1799	11	13
1800	25	13
1801	22	14
1802	22	14
1803	15	14
1804	25	15
1805	16	15
1806	14	15
1807	13	16
1808	23	16
1809	20	17
1810	30	17
1811	29	17
1812	29	18
1813	17	18
1814	17	19
1815	19	19
1816	22	20
1817	28	20
1818	14	21
1819	26	21
1820	22	22
1821	35	22
1822	26	23
1823	21	23
1824	28	24
1825	20	24
1826	48	25
1827	35	25
1828	25	26
1829	21	27
1830	51	27
1831	32	28
1832	38	29
1833	46	29
1834	26	30
1835	31	31
1836	44	31
1837	33	32
1838	30	33
1839	29	34
1840	30	35
1841	48	35
1842	43	36
1843	55	37
1844	31	38
1845	39	39
1846	54	40
1847	36	41
1848	40	41
1849	59	42
1850	33	43
1851	51	44
1852	49	45
1853	55	46
1854	33	47
1855	38	48
1856	34	49
1857	58	50
1858	55	51
1859	54	53
1860	74	54
1861	48	55
1862	70	56
1863	44	57
1864	64	58
1865	70	59
1866	45	61
1867	80	62
1868	66	63
1869	59	64
1870	70	66
1871	68	67
1872	68	68
1873	61	69
1874	72	71
1875	91	72
1876	75	73
1877	61	75
1878	83	76
1879	48	78
1880	75	79
1881	96	80
1882	63	82
1883	116	83
1884	85	85
1885	68	86
1886	74	87
1887	90	89
1888	92	90
1889	103	92
1890	109	93
1891	111	95
1892	95	96
1893	84	98
1894	125	99
1895	84	101
1896	98	102
1897	122	104
1898	69	105
1899	98	107
1900	140	109
1901	131	110
1902	97	112
1903	109	113
1904	94	115
1905	122	116
1906	136	118
1907	133	119
1908	141	121
1909	93	122
1910	139	124
1911	104	125
1912	99	127
1913	138	128
1914	85	130
1915	141	131
1916	158	133
1917	121	134
1918	128	136
1919	151	137
1920	120	139
1921	129	140
1922	144	142
1923	143	143
1924	142	144
1925	116	146
1926	170	147
1927	111	148
1928	152	150
1929	170	151
1930	123	152
1931	154	154
1932	212	155
1933	167	156
1934	175	157
1935	116	159
1936	140	160
1937	162	161
1938	182	162
1939	186	163
1940	182	164
1941	129	165
1942	178	166
1943	115	167
1944	174	168
1945	208	169
1946	128	170
1947	196	171
1948	161	172
1949	159	173
1950	180	174
1951	200	175
1952	154	175
1953	165	176
1954	172	177
1955	157	177
1956	203	178
1957	140	179
1958	194	179
1959	158	180
1960	151	180
1961	198	181
1962	138	181
1963	187	181
1964	193	182
1965	192	182
1966	197	182
1967	143	183
1968	211	183
1969	174	183
1970	197	183
1971	180	183
1972	212	183
1973	152	183
1974	228	183
1975	154	183
1976	142	183
1977	205	183
1978	145	183
1979	193	183
1980	194	183
1981	190	182
1982	186	182
1983	161	182
1984	169	181
1985	193	181
1986	195	181
1987	174	180
1988	198	180
1989	159	179
1990	216	179
1991	152	178
1992	187	177
1993	183	177
1994	163	176
1995	166	175
1996	193	175
1997	186	174
1998	159	173
1999	149	172
2000	161	171
2001	169	170
2002	182	169
2003	181	168
2004	179	167
2005	170	166
2006	227	165
2007	115	164
2008	192	163
2009	183	162
2010	135	161
2011	163	160
2012	197	159
2013	175	157
2014	160	156
2015	172	155
2016	142	154
2017	163	152
2018	162	151
2019	131	150
2020	202	148
2021	107	147
2022	189	146
2023	126	144
2024	145	143
2025	172	142
2026	118	140
2027	122	139
2028	195	137
2029	138	136
2030	130	134
2031	126	133
2032	106	131
2033	133	130
2034	143	128
2035	123	127
2036	168	125
2037	103	124
2038	161	122
2039	106	121
2040	110	119
2041	126	118
2042	99	116
2043	127	115
2044	112	113
2045	122	112
2046	117	110
2047	135	109
2048	97	107
2049	90	105
2050	108	104
2051	107	102
2052	104	101
2053	70	99
2054	106	98
2055	87	96
2056	99	95
2057	103	93
2058	69	92
2059	91	90
2060	104	89
2061	91	88
2062	74	86
2063	61	85
2064	51	83
2065	95	82
2066	75	80
2067	92	79
2068	63	78
2069	60	76
2070	63	75
2071	68	73
2072	65	72
2073	93	71
2074	56	69
2075	83	68
2076	53	67
2077	60	66
2078	55	64
2079	62	63
2080	64	62
2081	54	61
2082	53	59
2083	47	58
2084	64	57
2085	56	56
2086	59	55
2087	46	54
2088	42	53
2089	51	52
2090	55	50
2091	57	49
2092	54	48
2093	43	47
2094	45	46
2095	44	45
2096	42	44
2097	37	43
2098	42	42
2099	51	41
2100	38	41
2101	36	40
2102	43	39
2103	25	38
2104	22	37
2105	45	36
2106	23	35
2107	34	35
2108	28	34
2109	35	33
2110	18	32
2111	27	31
2112	35	31
2113	25	30
2114	27	29
2115	24	29
2116	24	28
2117	25	27
2118	19	27
2119	22	26
2120	29	25
2121	22	25
2122	27	24
2123	19	24
2124	21	23
2125	28	23
2126	17	22
2127	15	22
2128	17	21
2129	14	21
2130	25	20
2131	25	20
2132	14	19
2133	17	19
2134	11	18
2135	9	18
2136	18	17
2137	14	17
2138	10	17
2139	22	16
2140	9	16
2141	19	15
2142	15	15
2143	13	15
2144	12	14
2145	9	14
2146	13	14
2147	6	13
2148	9	13
2149	8	13
2150	9	13
2151	7	12
2152	10	12
2153	16	12
2154	5	12
2155	8	11
2156	10	11
2157	8	11
2158	6	11
2159	4	10
2160	6	10
2161	5	10
2162	6	10
2163	4	10
2164	6	9
2165	4	9
2166	4	9
2167	4	9
2168	4	9
2169	3	9
2170	2	9
2171	6	8
2172	7	8
2173	4	8
2174	0	8
2175	3	8
2176	8	8
2177	3	8
2178	6	8
2179	2	7
2180	4	7
2181	0	7
2182	4	7
2183	1	7
2184	2	7
2185	4	7
2186	6	7
2187	3	7
2188	4	7
2189	0	7
2190	1	6
2191	1	6
2192	1	6
2193	3	6
2194	3	6
2195	5	6
2196	1	6
2197	1	6
2198	2	6
2199	1	6
2200	6	6
2201	2	6
2202	2	6
2203	3	6
2204	2	6
2205	1	6
2206	1	6
2207	1	6
2208	2	6
2209	0	6
2210	3	5
2211	0	5
2212	2	5
2213	0	5
2214	3	5
2215	2	5
2216	2	5
2217	0	5
2218	3	5
2219	0	5
2220	1	5
2221	0	5
2222	1	5
2223	0	5
2224	0	5
2225	1	5
2226	4	5
2227	3	5
2228	1	5
2229	0	5
2230	2	5
2231	2	5
2232	0	5
2233	1	5
2234	3	5
2235	2	5
2236	2	5
2237	3	5
2238	0	5
2239	3	5
2240	1	5
2241	1	5
2242	2	5
2243	2	5
2244	3	5
2245	0	5
2246	4	5
2247	1	5
2248	0	5
2249	0	5
2250	1	5
2251	3	5
2252	5	5
2253	3	5
2254	0	5
2255	1	5
2256	3	5
2257	3	5
2258	1	5
2259	3	5
2260	2	5
2261	3	5
2262	1	5
2263	0	5
2264	1	5
2265	2	5
2266	2	5
2267	3	5
2268	0	5
2269	0	5
2270	3	5
2271	1	5
2272	2	5
2273	1	5
2274	0	5
2275	2	5
2276	0	5
2277	0	5
2278	1	5
2279	1	5
2280	1	5
2281	2	5
2282	2	5
2283	0	5
2284	0	5
2285	1	5
2286	1	5
2287	2	5
2288	0	5
2289	1	5
2290	0	5
2291	2	5
2292	0	5
2293	0	5
2294	2	5
2295	3	5
2296	3	5
2297	2	5
2298	1	5
2299	0	5
2300	0	5
2301	1	5
2302	1	5
2303	2	5
2304	1	5
2305	1	5
2306	0	5
2307	0	5
2308	2	5
2309	3	5
2310	3	5
2311	2	5
2312	0	5
2313	0	5
2314	1	5
2315	2	5
2316	0	5
2317	3	5
2318	1	5
2319	1	5
2320	1	5
2321	0	5
2322	1	5
2323	3	5
2324	1	5
2325	1	5
2326	0	5
2327	1	5
2328	6	5
2329	2	5
2330	2	5
2331	4	5
2332	0	5
2333	0	5
2334	0	5
2335	3	5
2336	3	5
2337	1	5
2338	4	5
2339	0	5
2340	3	5
2341	2	5
2342	4	5
2343	1	5
2344	1	5
2345	1	5
2346	0	5
2347	1	5
2348	1	5
2349	0	5
2350	2	5
2351	1	5
2352	0	5
2353	1	5
2354	2	5
2355	2	5
2356	3	5
2357	0	5
2358	4	5
2359	1	5
2360	1	5
2361	2	5
2362	0	5
2363	5	5
2364	0	5
2365	1	5
2366	0	5
2367	0	5
2368	0	5
2369	3	5
2370	1	5
2371	0	5
2372	1	5
2373	1	5
2374	0	5
2375	2	5
2376	4	5
2377	2	5
2378	0	5
2379	0	5
2380	1	5
2381	6	5
2382	0	5
2383	0	5
2384	3	5
2385	0	5
2386	1	5
2387	1	5
2388	2	5
2389	0	5
2390	4	5
2391	0	5
2392	0	5
2393	0	5
2394	0	5
2395	1	5
2396	1	5
2397	2	5
2398	2	5
2399	1	5
2400	0	5
2401	3	5
2402	0	5
2403	2	5
2404	0	5
2405	2	5
2406	2	5
2407	0	5
2408	3	5
2409	0	5
2410	1	5
2411	1	5
2412	0	5
2413	1	5
2414	1	5
2415	1	5
2416	0	5
2417	1	5
2418	2	5
2419	1	5
2420	0	5
2421	1	5
2422	0	5
2423	0	5
2424	2	5
2425	2	5
2426	1	5
2427	0	5
2428	3	5
2429	1	5
2430	2	5
2431	1	5
2432	1	5
2433	1	5
2434	0	5
2435	2	5
2436	2	5
2437	2	5
2438	1	5
2439	2	5
2440	1	5
2441	2	5
2442	2	5
2443	1	5
2444	3	5
2445	0	5
2446	1	5
2447	0	5
2448	3	5
2449	3	5
2450	1	5
2451	1	5
2452	1	5
2453	2	5
2454	2	5
2455	0	5
2456	2	5
2457	2	5
2458	0	5
2459	2	5
2460	1	5
2461	0	5
2462	1	5
2463	4	5
2464	3	5
2465	3	5
2466	0	5
2467	2	5
2468	1	5
2469	2	5
2470	2	5
2471	2	5
2472	0	5
2473	1	5
2474	0	5
2475	1	5
2476	1	5
2477	2	5
2478	2	5
2479	2	5
2480	2	5
2481	0	5
2482	2	5
2483	2	5
2484	3	5
2485	2	5
2486	2	5
2487	2	5
2488	0	5
2489	0	5
2490	0	5
2491	2	5
2492	2	5
2493	1	5
2494	5	5
2495	1	5
2496	1	5
2497	3	5
2498	1	5
2499	1	5
2500	2	5
2501	1	5
2502	2	5
2503	1	5
2504	2	5
2505	2	5
2506	1	5
2507	0	5
2508	2	5
2509	1	5
2510	2	5
2511	0	5
2512	2	5
2513	0	5
2514	2	5
2515	0	5
2516	0	5
2517	2	5
2518	4	5
2519	1	5
2520	2	5
2521	1	5
2522	1	5
2523	0	5
2524	1	5
2525	0	5
2526	0	5
2527	2	5
2528	1	5
2529	0	5
2530	2	5
2531	0	5
2532	3	5
2533	0	5
2534	1	5
2535	0	5
2536	0	5
2537	0	5
2538	1	5
2539	1	5
2540	0	5
2541	2	5
2542	0	5
2543	1	5
2544	4	5
2545	1	5
2546	4	5
2547	4	5
2548	3	5
2549	0	5
2550	0	5
2551	0	5
2552	0	5
2553	1	5
2554	0	5
2555	1	5
2556	0	5
2557	2	5
2558	0	5
2559	0	5
2560	2	5
2561	1	5
2562	1	5
2563	1	5
2564	1	5
2565	0	5
2566	0	5
2567	0	5
2568	0	5
2569	1	5
2570	2	5
2571	2	5
2572	2	5
2573	4	5
2574	0	5
2575	0	5
2576	1	5
2577	1	5
2578	1	5
2579	2	5
2580	3	5
2581	0	5
2582	1	5
2583	0	5
2584	1	5
2585	2	5
2586	2	5
2587	2	5
2588	3	5
2589	1	5
2590	3	5
2591	2	5
2592	1	5
2593	2	5
2594	2	5
2595	0	5
2596	3	5
2597	3	5
2598	1	5
2599	1	5
2600	1	5
2601	0	5
2602	1	5
2603	0	5
2604	1	5
2605	2	5
2606	0	5
2607	2	5
2608	1	5
2609	0	5
2610	2	5
2611	0	5
2612	0	5
2613	2	5
2614	2	5
2615	2	5
2616	1	5
2617	1	5
2618	2	5
2619	1	5
2620	2	5
2621	1	5
2622	2	5
2623	1	5
2624	1	5
2625	2	5
2626	1	5
2627	1	5
2628	2	5
2629	1	5
2630	2	5
2631	2	5
2632	0	5
2633	0	5
2634	2	5
2635	2	5
2636	2	5
2637	3	5
2638	0	5
2639	0	5
2640	0	5
2641	2	5
2642	1	5
2643	3	5
2644	0	5
2645	1	5
2646	4	5
2647	0	5
2648	0	5
2649	2	5
2650	0	5
2651	1	5
2652	0	5
2653	1	5
2654	2	5
2655	1	5
2656	1	5
2657	0	5
2658	0	5
2659	2	5
2660	2	5
2661	0	5
2662	1	5
2663	2	5
2664	0	5
2665	1	5
2666	2	5
2667	1	5
2668	2	5
2669	2	5
2670	2	5
2671	1	5
2672	1	5
2673	0	5
2674	0	5
2675	0	5
2676	0	5
2677	3	5
2678	2	5
2679	3	5
2680	0	5
2681	2	5
2682	1	5
2683	0	5
2684	2	5
2685	0	5
2686	1	5
2687	1	5
2688	0	5
2689	2	5
2690	2	5
2691	1	5
2692	0	5
2693	1	5
2694	1	5
2695	1	5
2696	0	5
2697	1	5
2698	4	5
2699	1	5
2700	4	5
2701	1	5
2702	1	5
2703	1	5
2704	3	5
2705	0	5
2706	2	5
2707	5	5
2708	0	5
2709	0	5
2710	0	5
2711	1	5
2712	0	5
2713	2	5
2714	1	5
2715	1	5
2716	0	5
2717	2	5
2718	2	5
2719	3	5
2720	1	5
2721	0	5
2722	1	5
2723	2	5
2724	1	5
2725	1	5
2726	0	5
2727	3	5
2728	0	5
2729	3	5
2730	4	5
2731	3	5
2732	2	5
2733	2	5
2734	0	5
2735	0	5
2736	0	5
2737	1	5
2738	0	5
2739	2	5
2740	1	5
2741	0	5
2742	2	5
2743	1	5
2744	1	5
2745	1	5
2746	1	5
2747	2	5
2748	1	5
2749	2	5
2750	1	5
2751	2	5
2752	3	5
2753	3	5
2754	2	5
2755	1	5
2756	1	5
2757	0	5
2758	2	5
2759	1	5
2760	2	5
2761	0	5
2762	2	5
2763	1	5
2764	1	5
2765	2	5
2766	1	5
2767	2	5
2768	0	5
2769	2	5
2770	0	5
2771	1	5
2772	1	5
2773	1	5
2774	1	5
2775	1	5
2776	2	5
2777	2	5
2778	0	5
2779	0	5
2780	0	5
2781	1	5
2782	3	5
2783	3	5
2784	0	5
2785	1	5
2786	0	5
2787	2	5
2788	3	5
2789	1	5
2790	0	5
2791	0	5
2792	0	5
2793	2	5
2794	0	5
2795	1	5
2796	2	5
2797	0	5
2798	0	5
2799	2	5
2800	0	5
2801	1	5
2802	1	5
2803	2	5
2804	2	5
2805	0	5
2806	1	5
2807	0	5
2808	2	5
2809	2	5
2810	0	5
2811	1	5
2812	0	5
2813	1	5
2814	1	5
2815	0	5
2816	0	5
2817	0	5
2818	2	5
2819	0	5
2820	1	5
2821	1	5
2822	1	5
2823	2	5
2824	0	5
2825	1	5
2826	1	5
2827	0	5
2828	1	5
2829	1	5
2830	0	5
2831	1	5
2832	0	5
2833	2	5
2834	0	5
2835	1	5
2836	3	5
2837	2	5
2838	3	5
2839	3	5
2840	4	5
2841	0	5
2842	0	5
2843	2	5
2844	1	5
2845	2	5
2846	0	5
2847	0	5
2848	2	5
2849	0	5
2850	1	5
2851	1	5
2852	2	5
2853	0	5
2854	1	5
2855	1	5
2856	1	5
2857	0	5
2858	0	5
2859	2	5
2860	1	5
2861	2	5
2862	0	5
2863	2	5
2864	1	5
2865	2	5
2866	0	5
2867	1	5
2868	0	5
2869	0	5
2870	3	5
2871	1	5
2872	1	5
2873	1	5
2874	1	5
2875	2	5
2876	0	5
2877	2	5
2878	0	5
2879	2	5
2880	1	5
2881	0	5
2882	1	5
2883	2	5
2884	1	5
2885	0	5
2886	3	5
2887	1	5
2888	0	5
2889	1	5
2890	0	5
2891	1	5
2892	5	5
2893	1	5
2894	0	5
2895	2	5
2896	0	5
2897	0	5
2898	0	5
2899	2	5
2900	0	5
2901	1	5
2902	1	5
2903	0	5
2904	0	5
2905	1	5
2906	0	5
2907	1	5
2908	1	5
2909	0	5
2910	2	5
2911	2	5
2912	1	5
2913	1	5
2914	1	5
2915	4	5
2916	1	5
2917	0	5
2918	1	5
2919	2	5
2920	0	5
2921	1	5
2922	0	5
2923	0	5
2924	1	5
2925	1	5
2926	1	5
2927	0	5
2928	2	5
2929	2	5
2930	0	5
2931	1	5
2932	0	5
2933	0	5
2934	0	5
2935	0	5
2936	0	5
2937	1	5
2938	1	5
2939	2	5
2940	0	5
2941	0	5
2942	0	5
2943	0	5
2944	3	5
2945	0	5
2946	0	5
2947	0	5
2948	2	5
2949	2	5
2950	1	5
2951	0	5
2952	1	5
2953	1	5
2954	1	5
2955	0	5
2956	0	5
2957	1	5
2958	2	5
2959	1	5
2960	1	5
2961	1	5
2962	1	5
2963	1	5
2964	1	5
2965	0	5
2966	0	5
2967	1	5
2968	1	5
2969	2	5
2970	0	5
2971	0	5
2972	2	5
2973	0	5
2974	2	5
2975	1	5
2976	1	5
2977	1	5
2978	3	5
2979	1	5
2980	1	5
2981	0	5
2982	1	5
2983	1	5
2984	1	5
2985	3	5
2986	0	5
2987	3	5
2988	2	5
2989	0	5
2990	0	5
2991	0	5
2992	2	5
2993	0	5
2994	1	5
2995	1	5
2996	2	5
2997	1	5
2998	0	5
2999	2	5
3000	1	5
3001	3	5
3002	0	5
3003	1	5
3004	1	5
3005	0	5
3006	1	5
3007	0	5
3008	1	5
3009	2	5
3010	0	5
3011	3	5
3012	1	5
3013	1	5
3014	1	5
3015	0	5
3016	0	5
3017	2	5
3018	0	5
3019	1	5
3020	2	5
3021	0	5
3022	1	5
3023	2	5
3024	4	5
3025	3	5
3026	0	5
3027	2	5
3028	1	5
3029	1	5
3030	0	5
3031	1	5
3032	0	5
3033	1	5
3034	0	5
3035	0	5
3036	1	5
3037	0	5
3038	2	5
3039	0	5
3040	0	5
3041	0	5
3042	1	5
3043	2	5
3044	1	5
3045	0	5
3046	0	5
3047	0	5
3048	0	5
3049	1	5
3050	1	5
3051	2	5
3052	0	5
3053	3	5
3054	1	5
3055	2	5
3056	2	5
3057	2	5
3058	0	5
3059	1	5
3060	1	5
3061	1	5
3062	1	5
3063	0	5
3064	0	5
3065	0	5
3066	1	5
3067	2	5
3068	0	5
3069	1	5
3070	0	5
3071	1	5
3072	0	5
3073	3	5
3074	0	5
3075	0	5
3076	4	5
3077	0	5
3078	0	5
3079	1	5
3080	3	5
3081	1	5
3082	0	5
3083	1	5
3084	1	5
3085	0	5
3086	0	5
3087	2	5
3088	0	5
3089	0	5
3090	1	5
3091	2	5
3092	2	5
3093	1	5
3094	2	5
3095	0	5
3096	1	5
3097	3	5
3098	0	5
3099	1	5
3100	0	5
3101	2	5
3102	1	5
3103	0	5
3104	0	5
3105	2	5
3106	0	5
3107	3	5
3108	0	5
3109	0	5
3110	1	5
3111	2	5
3112	1	5
3113	2	5
3114	0	5
3115	1	5
3116	2	5
3117	5	5
3118	1	5
3119	0	5
3120	2	5
3121	0	5
3122	1	5
3123	2	5
3124	0	5
3125	0	5
3126	1	5
3127	0	5
3128	0	5
3129	1	5
3130	0	5
3131	0	5
3132	3	5
3133	2	5
3134	1	5
3135	2	5
3136	1	5
3137	4	5
3138	0	5
3139	1	5
3140	2	5
3141	1	5
3142	4	5
3143	0	5
3144	2	5
3145	0	5
3146	1	5
3147	2	5
3148	1	5
3149	2	5
3150	1	5
3151	1	5
3152	0	5
3153	1	5
3154	2	5
3155	1	5
3156	1	5
3157	4	5
3158	0	5
3159	0	5
3160	0	5
3161	2	5
3162	2	5
3163	4	5
3164	0	5
3165	0	5
3166	1	5
3167	2	5
3168	0	5
3169	3	5
3170	2	5
3171	0	5
3172	1	5
3173	0	5
3174	2	5
3175	0	5
3176	1	5
3177	1	5
3178	0	5
3179	2	5
3180	1	5
3181	2	5
3182	0	5
3183	0	5
3184	0	5
3185	1	5
3186	1	5
3187	1	5
3188	0	5
3189	0	5
3190	1	5
3191	2	5
3192	0	5
3193	1	5
3194	0	5
3195	1	5
3196	1	5
3197	1	5
3198	1	5
3199	2	5
3200	0	5
3201	0	5
3202	1	5
3203	1	5
3204	1	5
3205	0	5
3206	1	5
3207	0	5
3208	0	5
3209	0	5
3210	0	5
3211	4	5
3212	1	5
3213	1	5
3214	0	5
3215	0	5
3216	1	5
3217	0	5
3218	1	5
3219	3	5
3220	1	5
3221	1	5
3222	0	5
3223	1	5
3224	1	5
3225	1	5
3226	0	5
3227	0	5
3228	0	5
3229	1	5
3230	2	5
3231	4	5
3232	0	5
3233	1	5
3234	1	5
3235	0	5
3236	2	5
3237	1	5
3238	0	5
3239	0	5
3240	0	5
3241	0	5
3242	0	5
3243	0	5
3244	1	5
3245	0	5
3246	0	5
3247	0	5
3248	1	5
3249	0	5
3250	1	5
3251	0	5
3252	2	5
3253	2	5
3254	3	5
3255	3	5
3256	1	5
3257	3	5
3258	1	5
3259	1	5
3260	0	5
3261	2	5
3262	0	5
3263	1	5
3264	0	5
3265	2	5
3266	1	5
3267	2	5
3268	0	5
3269	0	5
3270	1	5
3271	0	5
3272	1	5
3273	2	5
3274	1	5
3275	0	5
3276	2	5
3277	2	5
3278	3	5
3279	0	5
3280	2	5
3281	1	5
3282	0	5
3283	1	5
3284	1	5
3285	1	5
3286	0	5
3287	1	5
3288	0	5
3289	2	5
3290	3	5
3291	1	5
3292	0	5
3293	2	5
3294	1	5
3295	4	5
3296	0	5
3297	1	5
3298	0	5
3299	1	5
3300	2	5
3301	1	5
3302	3	5
3303	0	5
3304	1	5
3305	1	5
3306	1	5
3307	0	5
3308	0	5
3309	3	5
3310	1	5
3311	1	5
3312	1	5
3313	0	5
3314	0	5
3315	1	5
3316	1	5
3317	1	5
3318	3	5
3319	1	5
3320	1	5
3321	1	5
3322	1	5
3323	1	5
3324	1	5
3325	0	5
3326	1	5
3327	0	5
3328	0	5
3329	3	5
3330	2	5
3331	1	5
3332	0	5
3333	0	5
3334	2	5
3335	0	5
3336	0	5
3337	2	5
3338	2	5
3339	1	5
3340	2	5
3341	4	5
3342	1	5
3343	2	5
3344	0	5
3345	1	5
3346	0	5
3347	0	5
3348	1	5
3349	0	5
3350	0	5
3351	0	5
3352	2	5
3353	0	5
3354	0	5
3355	0	5
3356	0	5
3357	2	5
3358	1	5
3359	1	5
3360	2	5
3361	1	5
3362	2	5
3363	1	5
3364	1	5
3365	1	5
3366	0	5
3367	0	5
3368	2	5
3369	0	5
3370	0	5
3371	0	5
3372	1	5
3373	1	5
3374	1	5
3375	1	5
3376	2	5
3377	2	5
3378	2	5
3379	0	5
3380	1	5
3381	1	5
3382	1	5
3383	0	5
3384	1	5
3385	0	5
3386	1	5
3387	1	5
3388	2	5
3389	0	5
3390	0	5
3391	2	5
3392	2	5
3393	2	5
3394	1	5
3395	1	5
3396	3	5
3397	0	5
3398	0	5
3399	0	5
3400	3	5
3401	0	5
3402	0	5
3403	1	5
3404	1	5
3405	1	5
3406	2	5
3407	0	5
3408	1	5
3409	0	5
3410	0	5
3411	0	5
3412	0	5
3413	2	5
3414	0	5
3415	1	5
3416	1	5
3417	1	5
3418	1	5
3419	0	5
3420	0	5
3421	1	5
3422	2	5
3423	0	5
3424	0	5
3425	0	5
3426	1	5
3427	0	5
3428	2	5
3429	3	5
3430	2	5
3431	2	5
3432	1	5
3433	1	5
3434	1	5
3435	0	5
3436	2	5
3437	1	5
3438	0	5
3439	0	5
3440	1	5
3441	0	5
3442	2	5
3443	0	5
3444	3	5
3445	0	5
3446	1	5
3447	1	5
3448	0	5
3449	0	5
3450	0	5
3451	0	5
3452	1	5
3453	0	5
3454	1	5
3455	0	5
3456	2	5
3457	2	5
3458	3	5
3459	3	5
3460	1	5
3461	2	5
3462	0	5
3463	0	5
3464	0	5
3465	0	5
3466	1	5
3467	1	5
3468	2	5
3469	2	5
3470	0	5
3471	1	5
3472	1	5
3473	1	5
3474	1	5
3475	0	5
3476	1	5
3477	1	5
3478	2	5
3479	1	5
3480	1	5
3481	3	5
3482	1	5
3483	0	5
3484	3	5
3485	2	5
3486	0	5
3487	1	5
3488	0	5
3489	2	5
3490	2	5
3491	1	5
3492	0	5
3493	0	5
3494	0	5
3495	0	5
3496	1	5
3497	2	5
3498	0	5
3499	0	5
3500	1	5
3501	2	5
3502	1	5
3503	0	5
3504	0	5
3505	3	5
3506	1	5
3507	1	5
3508	0	5
3509	0	5
3510	0	5
3511	1	5
3512	0	5
3513	1	5
3514	1	5
3515	0	5
3516	1	5
3517	0	5
3518	2	5
3519	0	5
3520	2	5
3521	1	5
3522	1	5
3523	1	5
3524	0	5
3525	0	5
3526	0	5
3527	0	5
3528	0	5
3529	0	5
3530	1	5
3531	2	5
3532	0	5
3533	1	5
3534	0	5
3535	0	5
3536	1	5
3537	1	5
3538	0	5
3539	0	5
3540	0	5
3541	0	5
3542	0	5
3543	0	5
3544	0	5
3545	2	5
3546	1	5
3547	2	5
3548	1	5
3549	2	5
3550	0	5
3551	3	5
3552	0	5
3553	2	5
3554	1	5
3555	0	5
3556	1	5
3557	0	5
3558	1	5
3559	0	5
3560	4	5
3561	2	5
3562	0	5
3563	1	5
3564	1	5
3565	1	5
3566	1	5
3567	0	5
3568	2	5
3569	1	5
3570	2	5
3571	0	5
3572	0	5
3573	3	5
3574	3	5
3575	1	5
3576	0	5
3577	0	5
3578	0	5
3579	2	5
3580	2	5
3581	0	5
3582	1	5
3583	1	5
3584	0	5
3585	0	5
3586	0	5
3587	0	5
3588	2	5
3589	1	5
3590	0	5
3591	1	5
3592	2	5
3593	0	5
3594	0	5
3595	1	5
3596	1	5
3597	1	5
3598	0	5
3599	2	5
3600	0	5
3601	1	5
3602	0	5
3603	1	5
3604	0	5
3605	1	5
3606	0	5
3607	2	5
3608	1	5
3609	1	5
3610	0	5
3611	0	5
3612	1	5
3613	0	5
3614	1	5
3615	2	5
3616	1	5
3617	1	5
3618	0	5
3619	1	5
3620	1	5
3621	0	5
3622	1	5
3623	1	5
3624	1	5
3625	0	5
3626	2	5
3627	0	5
3628	4	5
3629	0	5
3630	0	5
3631	0	5
3632	0	5
3633	2	5
3634	1	5
3635	1	5
3636	1	5
3637	1	5
3638	0	5
3639	1	5
3640	2	5
3641	0	5
3642	0	5
3643	1	5
3644	2	5
3645	0	5
3646	0	5
3647	0	5
3648	0	5
3649	0	5
3650	0	5
3651	0	5
3652	3	5
3653	0	5
3654	2	5
3655	1	5
3656	0	5
3657	2	5
3658	1	5
3659	0	5
3660	2	5
3661	1	5
3662	1	5
3663	1	5
3664	0	5
3665	1	5
3666	1	5
3667	1	5
3668	0	5
3669	1	5
3670	1	5
3671	0	5
3672	1	5
3673	0	5
3674	1	5
3675	1	5
3676	1	5
3677	0	5
3678	2	5
3679	0	5
3680	0	5
3681	1	5
3682	0	5
3683	0	5
3684	1	5
3685	0	5
3686	0	5
3687	1	5
3688	1	5
3689	1	5
3690	0	5
3691	0	5
3692	1	5
3693	0	5
3694	0	5
3695	0	5
3696	1	5
3697	1	5
3698	0	5
3699	0	5
3700	0	5
3701	0	5
3702	0	5
3703	2	5
3704	1	5
3705	1	5
3706	1	5
3707	0	5
3708	0	5
3709	0	5
3710	0	5
3711	0	5
3712	1	5
3713	0	5
3714	0	5
3715	0	5
3716	2	5
3717	0	5
3718	4	5
3719	0	5
3720	1	5
3721	0	5
3722	0	5
3723	1	5
3724	1	5
3725	0	5
3726	1	5
3727	1	5
3728	0	5
3729	1	5
3730	2	5
3731	0	5
3732	1	5
3733	0	5
3734	0	5
3735	1	5
3736	0	5
3737	1	5
3738	1	5
3739	1	5
3740	0	5
3741	3	5
3742	1	5
3743	3	5
3744	1	5
3745	0	5
3746	1	5
3747	0	5
3748	1	5
3749	0	5
3750	1	5
3751	0	5
3752	1	5
3753	1	5
3754	0	5
3755	0	5
3756	1	5
3757	0	5
3758	1	5
3759	0	5
3760	1	5
3761	0	5
3762	1	5
3763	1	5
3764	1	5
3765	0	5
3766	0	5
3767	0	5
3768	1	5
3769	0	5
3770	1	5
3771	2	5
3772	0	5
3773	1	5
3774	0	5
3775	0	5
3776	2	5
3777	3	5
3778	1	5
3779	0	5
3780	1	5
3781	1	5
3782	0	5
3783	1	5
3784	1	5
3785	0	5
3786	0	5
3787	0	5
3788	0	5
3789	1	5
3790	0	5
3791	2	5
3792	0	5
3793	0	5
3794	0	5
3795	0	5
3796	0	5
3797	1	5
3798	2	5
3799	0	5
3800	0	5
3801	0	5
3802	2	5
3803	1	5
3804	0	5
3805	1	5
3806	0	5
3807	1	5
3808	1	5
3809	1	5
3810	2	5
3811	1	5
3812	3	5
3813	1	5
3814	0	5
3815	1	5
3816	0	5
3817	2	5
3818	1	5
3819	0	5
3820	1	5
3821	0	5
3822	2	5
3823	0	5
3824	1	5
3825	1	5
3826	0	5
3827	0	5
3828	1	5
3829	1	5
3830	2	5
3831	1	5
3832	0	5
3833	0	5
3834	1	5
3835	0	5
3836	0	5
3837	0	5
3838	0	5
3839	1	5
3840	0	5
3841	1	5
3842	0	5
3843	4	5
3844	1	5
3845	1	5
3846	0	5
3847	1	5
3848	1	5
3849	2	5
3850	0	5
3851	1	5
3852	0	5
3853	0	5
3854	2	5
3855	0	5
3856	3	5
3857	2	5
3858	2	5
3859	0	5
3860	0	5
3861	0	5
3862	1	5
3863	1	5
3864	0	5
3865	3	5
3866	1	5
3867	3	5
3868	1	5
3869	1	5
3870	1	5
3871	0	5
3872	0	5
3873	2	5
3874	0	5
3875	1	5
3876	1	5
3877	1	5
3878	1	5
3879	0	5
3880	1	5
3881	3	5
3882	0	5
3883	2	5
3884	0	5
3885	1	5
3886	1	5
3887	0	5
3888	0	5
3889	1	5
3890	1	5
3891	1	5
3892	0	5
3893	0	5
3894	3	5
3895	3	5
3896	1	5
3897	3	5
3898	1	5
3899	2	5
3900	1	5
3901	1	5
3902	1	5
3903	1	5
3904	0	5
3905	0	5
3906	1	5
3907	0	5
3908	1	5
3909	0	5
3910	1	5
3911	0	5
3912	2	5
3913	0	5
3914	2	5
3915	0	5
3916	3	5
3917	0	5
3918	1	5
3919	0	5
3920	0	5
3921	0	5
3922	1	5
3923	1	5
3924	0	5
3925	0	5
3926	1	5
3927	2	5
3928	0	5
3929	0	5
3930	0	5
3931	1	5
3932	2	5
3933	1	5
3934	2	5
3935	1	5
3936	0	5
3937	3	5
3938	0	5
3939	0	5
3940	2	5
3941	0	5
3942	2	5
3943	0	5
3944	0	5
3945	2	5
3946	1	5
3947	1	5
3948	5	5
3949	2	5
3950	2	5
3951	1	5
3952	1	5
3953	0	5
3954	0	5
3955	3	5
3956	1	5
3957	1	5
3958	1	5
3959	0	5
3960	0	5
3961	3	5
3962	0	5
3963	3	5
3964	1	5
3965	1	5
3966	1	5
3967	1	5
3968	0	5
3969	0	5
3970	1	5
3971	1	5
3972	0	5
3973	1	5
3974	0	5
3975	0	5
3976	0	5
3977	2	5
3978	2	5
3979	0	5
3980	3	5
3981	0	5
3982	0	5
3983	0	5
3984	0	5
3985	2	5
3986	2	5
3987	0	5
3988	0	5
3989	1	5
3990	4	5
3991	1	5
3992	2	5
3993	2	5
3994	0	5
3995	0	5
3996	0	5
3997	0	5
3998	1	5
3999	0	5
4000	0	5
