Kanalnummer	Impulse	Fit(Impulse)	Fit(Impulse)
Kanal/#	Impulse/#	Impulse/#	Impulse/#

0	0	18	4
1	0	18	4
2	0	18	4
3	0	18	4
4	0	18	4
5	0	18	4
6	0	18	4
7	0	18	4
8	0	18	4
9	0	18	4
10	0	18	4
11	0	18	4
12	1	18	4
13	0	18	4
14	0	18	4
15	0	18	4
16	0	18	4
17	0	18	4
18	0	18	4
19	0	18	4
20	0	18	4
21	0	18	4
22	0	18	4
23	0	18	4
24	0	18	4
25	0	18	4
26	0	18	4
27	0	18	4
28	1	18	4
29	0	18	4
30	0	18	4
31	0	18	4
32	0	18	4
33	0	18	4
34	0	18	4
35	0	18	4
36	0	18	4
37	0	18	4
38	0	18	4
39	0	18	4
40	0	18	4
41	0	18	4
42	0	18	4
43	0	18	4
44	0	18	4
45	0	18	4
46	0	18	4
47	0	18	4
48	0	18	4
49	0	18	4
50	2	18	4
51	8	18	4
52	4	18	4
53	4	18	4
54	2	18	4
55	54	18	4
56	56	18	4
57	87	18	4
58	83	18	4
59	83	18	4
60	80	18	4
61	100	18	4
62	101	18	4
63	96	18	4
64	60	18	4
65	91	18	4
66	111	18	4
67	103	18	4
68	97	18	4
69	98	18	4
70	119	18	4
71	97	18	4
72	83	18	4
73	104	18	4
74	89	18	4
75	92	18	4
76	102	18	4
77	118	18	4
78	97	18	4
79	118	18	4
80	77	18	4
81	104	18	4
82	103	18	4
83	110	18	4
84	116	18	4
85	96	18	4
86	117	18	4
87	95	18	4
88	95	18	4
89	113	18	4
90	102	18	4
91	103	18	4
92	97	18	4
93	114	18	4
94	122	18	4
95	155	18	4
96	88	18	4
97	109	18	4
98	114	18	4
99	104	18	4
100	105	18	4
101	93	18	4
102	117	18	4
103	104	18	4
104	90	18	4
105	121	18	4
106	113	18	4
107	109	18	4
108	92	18	4
109	110	18	4
110	98	18	4
111	97	18	4
112	93	18	4
113	104	18	4
114	108	18	4
115	107	18	4
116	87	18	4
117	104	18	4
118	117	18	4
119	89	18	4
120	92	18	4
121	109	18	4
122	90	18	4
123	112	18	4
124	89	18	4
125	107	18	4
126	102	18	4
127	131	18	4
128	58	18	4
129	106	18	4
130	89	18	4
131	114	18	4
132	94	18	4
133	99	18	4
134	99	18	4
135	107	18	4
136	83	18	4
137	118	18	4
138	111	18	4
139	103	18	4
140	114	18	4
141	102	18	4
142	83	18	4
143	110	18	4
144	86	18	4
145	95	18	4
146	104	18	4
147	150	18	4
148	102	18	4
149	104	18	4
150	109	18	4
151	108	18	4
152	89	18	4
153	124	18	4
154	88	18	4
155	119	18	4
156	103	18	4
157	118	18	4
158	132	18	4
159	152	18	4
160	79	18	4
161	108	18	4
162	117	18	4
163	117	18	4
164	108	18	4
165	123	18	4
166	120	18	4
167	104	18	4
168	91	18	4
169	116	18	4
170	109	18	4
171	110	18	4
172	120	18	4
173	132	18	4
174	125	18	4
175	115	18	4
176	105	18	4
177	110	18	4
178	91	18	4
179	115	18	4
180	121	18	4
181	113	18	4
182	108	18	4
183	130	18	4
184	94	18	4
185	125	18	4
186	112	18	4
187	113	18	4
188	133	18	4
189	131	18	4
190	133	18	4
191	143	18	4
192	96	18	4
193	138	18	4
194	110	18	4
195	127	18	4
196	127	18	4
197	118	18	4
198	139	18	4
199	123	18	4
200	94	18	4
201	126	18	4
202	106	18	4
203	130	18	4
204	125	18	4
205	124	18	4
206	122	18	4
207	125	18	4
208	98	18	4
209	132	18	4
210	123	18	4
211	138	18	4
212	146	18	4
213	135	18	4
214	144	18	4
215	103	18	4
216	92	18	4
217	147	18	4
218	109	18	4
219	150	18	4
220	120	18	4
221	150	18	4
222	133	18	4
223	170	18	4
224	106	18	4
225	116	18	4
226	153	18	4
227	135	18	4
228	137	18	4
229	116	18	4
230	160	18	4
231	136	18	4
232	139	18	4
233	137	18	4
234	121	18	4
235	112	18	4
236	128	18	4
237	145	18	4
238	148	18	4
239	157	18	4
240	120	18	4
241	153	18	4
242	151	18	4
243	163	18	4
244	140	18	4
245	147	18	4
246	178	18	4
247	143	18	4
248	121	18	4
249	146	18	4
250	139	18	4
251	162	18	4
252	137	18	4
253	147	18	4
254	147	18	4
255	188	18	4
256	84	18	4
257	118	18	4
258	141	18	4
259	149	18	4
260	159	18	4
261	133	18	4
262	175	18	4
263	140	18	4
264	138	18	4
265	170	18	4
266	133	18	4
267	151	18	4
268	161	18	4
269	139	18	4
270	152	18	4
271	139	18	4
272	120	18	4
273	149	18	4
274	140	18	4
275	169	18	4
276	128	18	4
277	121	18	4
278	141	18	4
279	125	18	4
280	131	18	4
281	176	18	4
282	150	18	4
283	148	18	4
284	125	18	4
285	144	18	4
286	155	18	4
287	173	18	4
288	103	18	4
289	149	18	4
290	147	18	4
291	137	18	4
292	161	18	4
293	126	18	4
294	159	18	4
295	141	18	4
296	123	18	4
297	168	18	4
298	153	18	4
299	136	18	4
300	157	18	4
301	127	18	4
302	142	18	4
303	136	18	4
304	138	18	4
305	128	18	4
306	135	18	4
307	166	18	4
308	130	18	4
309	135	18	4
310	148	18	4
311	134	18	4
312	129	18	4
313	166	18	4
314	127	18	4
315	151	18	4
316	121	18	4
317	145	18	4
318	119	18	4
319	192	18	4
320	112	18	4
321	133	18	4
322	124	18	4
323	142	18	4
324	141	18	4
325	139	18	4
326	151	18	4
327	123	18	4
328	123	18	4
329	183	18	4
330	120	18	4
331	136	18	4
332	138	18	4
333	156	18	4
334	153	18	4
335	156	18	4
336	135	18	4
337	137	18	4
338	140	18	4
339	166	18	4
340	142	18	4
341	116	18	4
342	150	18	4
343	108	18	4
344	122	18	4
345	158	18	4
346	105	18	4
347	142	18	4
348	131	18	4
349	142	18	4
350	154	18	4
351	171	18	4
352	116	18	4
353	148	18	4
354	141	18	4
355	120	18	4
356	152	18	4
357	130	18	4
358	138	18	4
359	143	18	4
360	135	18	4
361	138	18	4
362	110	18	4
363	120	18	4
364	155	18	4
365	148	18	4
366	144	18	4
367	117	18	4
368	125	18	4
369	134	18	4
370	145	18	4
371	156	18	4
372	137	18	4
373	135	18	4
374	144	18	4
375	132	18	4
376	95	18	4
377	162	18	4
378	145	18	4
379	157	18	4
380	121	18	4
381	156	18	4
382	136	18	4
383	146	18	4
384	112	18	4
385	138	18	4
386	121	18	4
387	143	18	4
388	150	18	4
389	125	18	4
390	141	18	4
391	122	18	4
392	145	18	4
393	138	18	4
394	138	18	4
395	140	18	4
396	153	18	4
397	129	18	4
398	135	18	4
399	143	18	4
400	136	18	4
401	151	18	4
402	144	18	4
403	167	18	4
404	133	18	4
405	127	18	4
406	136	18	4
407	129	18	4
408	129	18	4
409	126	18	4
410	117	18	4
411	149	18	4
412	139	18	4
413	139	18	4
414	137	18	4
415	160	18	4
416	125	18	4
417	149	18	4
418	122	18	4
419	117	18	4
420	164	18	4
421	132	18	4
422	164	18	4
423	141	18	4
424	98	18	4
425	147	18	4
426	129	18	4
427	129	18	4
428	164	18	4
429	145	18	4
430	128	18	4
431	144	18	4
432	114	18	4
433	139	18	4
434	131	18	4
435	163	18	4
436	154	18	4
437	119	18	4
438	143	18	4
439	119	18	4
440	111	18	4
441	131	18	4
442	121	18	4
443	161	18	4
444	151	18	4
445	134	18	4
446	138	18	4
447	152	18	4
448	91	18	4
449	122	18	4
450	154	18	4
451	130	18	4
452	160	18	4
453	140	18	4
454	166	18	4
455	102	18	4
456	121	18	4
457	155	18	4
458	137	18	4
459	121	18	4
460	182	18	4
461	113	18	4
462	133	18	4
463	135	18	4
464	101	18	4
465	146	18	4
466	150	18	4
467	138	18	4
468	155	18	4
469	114	18	4
470	140	18	4
471	111	18	4
472	109	18	4
473	122	18	4
474	120	18	4
475	148	18	4
476	122	18	4
477	124	18	4
478	119	18	4
479	177	18	4
480	117	18	4
481	147	18	4
482	123	18	4
483	124	18	4
484	146	18	4
485	121	18	4
486	186	18	4
487	120	18	4
488	137	18	4
489	147	18	4
490	134	18	4
491	120	18	4
492	168	18	4
493	137	18	4
494	143	18	4
495	125	18	4
496	126	18	4
497	148	18	4
498	142	18	4
499	130	18	4
500	149	18	4
501	123	18	4
502	172	18	4
503	118	18	4
504	93	18	4
505	170	18	4
506	129	18	4
507	148	18	4
508	136	18	4
509	137	18	4
510	137	18	4
511	187	18	4
512	96	18	4
513	129	18	4
514	143	18	4
515	149	18	4
516	154	18	4
517	143	18	4
518	136	18	4
519	158	18	4
520	144	18	4
521	174	18	4
522	133	18	4
523	152	18	4
524	152	18	4
525	184	18	4
526	145	18	4
527	167	18	4
528	154	18	4
529	165	18	4
530	193	18	4
531	168	18	4
532	164	18	4
533	136	18	4
534	158	18	4
535	143	18	4
536	165	18	4
537	155	18	4
538	150	18	4
539	191	18	4
540	166	18	4
541	165	18	4
542	173	18	4
543	182	18	4
544	118	18	4
545	153	18	4
546	153	18	4
547	149	18	4
548	167	18	4
549	139	18	4
550	217	18	4
551	160	18	4
552	130	18	4
553	175	18	4
554	166	18	4
555	173	18	4
556	180	18	4
557	162	18	4
558	161	18	4
559	165	18	4
560	152	18	4
561	163	18	4
562	167	18	4
563	175	18	4
564	169	18	4
565	143	18	4
566	175	18	4
567	146	18	4
568	122	18	4
569	178	18	4
570	152	18	4
571	180	18	4
572	156	18	4
573	163	18	4
574	179	18	4
575	203	18	4
576	130	18	4
577	164	18	4
578	146	18	4
579	142	18	4
580	169	18	4
581	145	18	4
582	168	18	4
583	120	18	4
584	131	18	4
585	166	18	4
586	138	18	4
587	126	18	4
588	181	18	4
589	131	18	4
590	127	18	4
591	159	18	4
592	124	18	4
593	151	18	4
594	177	18	4
595	147	18	4
596	148	18	4
597	119	18	4
598	163	18	4
599	144	18	4
600	118	18	4
601	140	18	4
602	132	18	4
603	179	18	4
604	137	18	4
605	145	18	4
606	147	18	4
607	176	18	4
608	115	18	4
609	134	18	4
610	139	18	4
611	125	18	4
612	152	18	4
613	131	18	4
614	140	18	4
615	120	18	4
616	139	18	4
617	145	18	4
618	124	18	4
619	137	18	4
620	179	18	4
621	140	18	4
622	121	18	4
623	138	18	4
624	101	18	4
625	147	18	4
626	147	18	4
627	191	18	4
628	118	18	4
629	104	18	4
630	153	18	4
631	135	18	4
632	122	18	4
633	144	18	4
634	125	18	4
635	170	18	4
636	139	18	4
637	118	18	4
638	138	18	4
639	178	18	4
640	93	18	4
641	130	18	4
642	147	18	4
643	134	18	4
644	126	18	4
645	118	18	4
646	177	18	4
647	94	18	4
648	118	18	4
649	154	18	4
650	137	18	4
651	139	18	4
652	156	18	4
653	144	18	4
654	135	18	4
655	116	18	4
656	126	18	4
657	122	18	4
658	146	18	4
659	134	18	4
660	134	18	4
661	113	18	4
662	138	18	4
663	116	18	4
664	132	18	4
665	152	18	4
666	123	18	4
667	142	18	4
668	133	18	4
669	139	18	4
670	136	18	4
671	178	18	4
672	101	18	4
673	139	18	4
674	113	18	4
675	130	18	4
676	135	18	4
677	117	18	4
678	141	18	4
679	135	18	4
680	117	18	4
681	161	18	4
682	120	18	4
683	124	18	4
684	143	18	4
685	104	18	4
686	136	18	4
687	112	18	4
688	130	18	4
689	133	18	4
690	127	18	4
691	141	18	4
692	159	18	4
693	123	18	4
694	125	18	4
695	135	18	4
696	99	18	4
697	137	18	4
698	124	18	4
699	166	18	4
700	137	18	4
701	138	18	4
702	115	18	4
703	146	18	4
704	106	18	4
705	118	18	4
706	133	18	4
707	120	18	4
708	161	18	4
709	118	18	4
710	123	18	4
711	100	18	4
712	140	18	4
713	132	18	4
714	116	18	4
715	103	18	4
716	132	18	4
717	115	18	4
718	115	18	4
719	109	18	4
720	98	18	4
721	127	18	4
722	117	18	4
723	136	18	4
724	117	18	4
725	99	18	4
726	135	18	4
727	96	18	4
728	98	18	4
729	129	18	4
730	95	18	4
731	114	18	4
732	123	18	4
733	101	18	4
734	126	18	4
735	126	18	4
736	104	18	4
737	125	18	4
738	107	18	4
739	125	18	4
740	140	18	4
741	80	18	4
742	147	18	4
743	113	18	4
744	97	18	4
745	131	18	4
746	96	18	4
747	121	18	4
748	124	18	4
749	101	18	4
750	111	18	4
751	129	18	4
752	99	18	4
753	116	18	4
754	123	18	4
755	112	18	4
756	128	18	4
757	113	18	4
758	122	18	4
759	95	18	4
760	98	18	4
761	103	18	4
762	107	18	4
763	132	18	4
764	102	18	4
765	108	18	4
766	123	18	4
767	105	18	4
768	80	18	4
769	119	18	4
770	109	18	4
771	128	18	4
772	113	18	4
773	96	18	4
774	110	18	4
775	95	18	4
776	110	18	4
777	114	18	4
778	95	18	4
779	110	18	4
780	131	18	4
781	105	18	4
782	107	18	4
783	103	18	4
784	124	18	4
785	88	18	4
786	108	18	4
787	112	18	4
788	109	18	4
789	87	18	4
790	120	18	4
791	83	18	4
792	119	18	4
793	103	18	4
794	102	18	4
795	140	18	4
796	107	18	4
797	108	18	4
798	110	18	4
799	121	18	4
800	100	18	4
801	126	18	4
802	129	18	4
803	104	18	4
804	125	18	4
805	113	18	4
806	119	18	4
807	125	18	4
808	92	18	4
809	114	18	4
810	99	18	4
811	99	18	4
812	113	18	4
813	95	18	4
814	91	18	4
815	110	18	4
816	99	18	4
817	120	18	4
818	92	18	4
819	124	18	4
820	100	18	4
821	87	18	4
822	116	18	4
823	126	18	4
824	91	18	4
825	125	18	4
826	97	18	4
827	114	18	4
828	94	18	4
829	101	18	4
830	102	18	4
831	117	18	4
832	84	18	4
833	104	18	4
834	104	18	4
835	102	18	4
836	108	18	4
837	91	18	4
838	122	18	4
839	87	18	4
840	101	18	4
841	124	18	4
842	79	18	4
843	91	18	4
844	109	18	4
845	98	18	4
846	114	18	4
847	103	18	4
848	81	18	4
849	116	18	4
850	106	18	4
851	133	18	4
852	105	18	4
853	79	18	4
854	105	18	4
855	81	18	4
856	106	18	4
857	111	18	4
858	93	18	4
859	111	18	4
860	104	18	4
861	113	18	4
862	108	18	4
863	121	18	4
864	83	18	4
865	92	18	4
866	91	18	4
867	88	18	4
868	128	18	4
869	97	18	4
870	126	18	4
871	91	18	4
872	76	18	4
873	104	18	4
874	82	18	4
875	111	18	4
876	115	18	4
877	101	18	4
878	103	18	4
879	109	18	4
880	97	18	4
881	97	18	4
882	107	18	4
883	116	18	4
884	106	18	4
885	82	18	4
886	124	18	4
887	101	18	4
888	94	18	4
889	113	18	4
890	82	18	4
891	129	18	4
892	90	18	4
893	101	18	4
894	131	18	4
895	148	18	4
896	84	18	4
897	109	18	4
898	115	18	4
899	89	18	4
900	116	18	4
901	82	18	4
902	130	18	4
903	94	18	4
904	102	18	4
905	106	18	4
906	73	18	4
907	95	18	4
908	114	18	4
909	107	18	4
910	116	18	4
911	84	18	4
912	98	18	4
913	126	18	4
914	99	18	4
915	129	18	4
916	98	18	4
917	103	18	4
918	106	18	4
919	76	18	4
920	93	18	4
921	113	18	4
922	109	18	4
923	115	18	4
924	105	18	4
925	94	18	4
926	105	18	4
927	143	18	4
928	91	18	4
929	108	18	4
930	102	18	4
931	86	18	4
932	118	18	4
933	99	18	4
934	113	18	4
935	81	18	4
936	75	18	4
937	114	18	4
938	85	18	4
939	94	18	4
940	110	18	4
941	94	18	4
942	94	18	4
943	88	18	4
944	84	18	4
945	95	18	4
946	105	18	4
947	108	18	4
948	105	18	4
949	83	18	4
950	119	18	4
951	97	18	4
952	82	18	4
953	117	18	4
954	80	18	4
955	117	18	4
956	85	18	4
957	105	18	4
958	91	18	4
959	100	18	4
960	85	18	4
961	86	18	4
962	90	18	4
963	100	18	4
964	116	18	4
965	86	18	4
966	87	18	4
967	84	18	4
968	93	18	4
969	106	18	4
970	92	18	4
971	88	18	4
972	115	18	4
973	94	18	4
974	72	18	4
975	64	18	4
976	54	18	4
977	90	18	4
978	84	18	4
979	83	18	4
980	96	18	4
981	71	18	4
982	99	18	4
983	67	18	4
984	95	18	4
985	84	18	4
986	81	18	4
987	102	18	4
988	89	18	4
989	66	18	4
990	73	18	4
991	86	18	4
992	43	18	4
993	68	18	4
994	65	18	4
995	55	18	4
996	91	18	4
997	61	18	4
998	92	18	4
999	72	18	4
1000	62	18	4
1001	101	18	4
1002	82	18	4
1003	63	18	4
1004	87	18	4
1005	71	18	4
1006	70	18	4
1007	72	18	4
1008	58	18	4
1009	45	18	4
1010	73	18	4
1011	77	18	4
1012	62	18	4
1013	57	18	4
1014	77	18	4
1015	61	18	4
1016	49	18	4
1017	78	18	4
1018	57	18	4
1019	78	18	4
1020	58	18	4
1021	77	18	4
1022	72	18	4
1023	70	18	4
1024	37	18	4
1025	63	18	4
1026	57	18	4
1027	66	18	4
1028	52	18	4
1029	54	18	4
1030	86	18	4
1031	54	18	4
1032	59	18	4
1033	49	18	4
1034	60	18	4
1035	73	18	4
1036	61	18	4
1037	61	18	4
1038	56	18	4
1039	71	18	4
1040	44	18	4
1041	46	18	4
1042	46	18	4
1043	51	18	4
1044	48	18	4
1045	49	18	4
1046	57	18	4
1047	43	18	4
1048	52	18	4
1049	57	18	4
1050	40	18	4
1051	62	18	4
1052	48	18	4
1053	55	18	4
1054	47	18	4
1055	49	18	4
1056	36	18	4
1057	55	18	4
1058	63	18	4
1059	54	18	4
1060	50	18	4
1061	38	18	4
1062	54	18	4
1063	36	18	4
1064	32	18	4
1065	40	18	4
1066	45	18	4
1067	41	18	4
1068	50	18	4
1069	45	18	4
1070	43	18	4
1071	40	18	4
1072	44	18	4
1073	41	18	4
1074	33	18	4
1075	44	18	4
1076	46	18	4
1077	37	18	4
1078	54	18	4
1079	42	18	4
1080	25	18	4
1081	37	18	4
1082	31	18	4
1083	60	18	4
1084	39	18	4
1085	34	18	4
1086	51	18	4
1087	45	18	4
1088	34	18	4
1089	36	18	4
1090	34	18	4
1091	34	18	4
1092	33	18	4
1093	34	18	4
1094	39	18	4
1095	41	18	4
1096	41	18	4
1097	34	18	4
1098	38	18	4
1099	26	18	4
1100	33	18	4
1101	31	18	4
1102	33	18	4
1103	32	18	4
1104	26	18	4
1105	35	18	4
1106	34	18	4
1107	38	18	4
1108	34	18	4
1109	30	18	4
1110	29	18	4
1111	36	18	4
1112	30	18	4
1113	41	18	4
1114	29	18	4
1115	47	18	4
1116	40	18	4
1117	40	18	4
1118	33	18	4
1119	44	18	4
1120	36	18	4
1121	35	18	4
1122	33	18	4
1123	45	18	4
1124	32	18	4
1125	34	18	4
1126	46	18	4
1127	33	18	4
1128	29	18	4
1129	37	18	4
1130	31	18	4
1131	36	18	4
1132	38	18	4
1133	40	18	4
1134	25	18	4
1135	38	18	4
1136	26	18	4
1137	38	18	4
1138	34	18	4
1139	32	18	4
1140	31	18	4
1141	24	18	4
1142	36	18	4
1143	30	18	4
1144	22	18	4
1145	31	18	4
1146	30	18	4
1147	40	18	4
1148	29	18	4
1149	20	18	4
1150	37	18	4
1151	39	18	4
1152	24	18	4
1153	28	18	4
1154	28	18	4
1155	29	18	4
1156	30	18	4
1157	28	18	4
1158	42	18	4
1159	15	18	4
1160	31	18	4
1161	43	18	4
1162	34	18	4
1163	30	18	4
1164	41	18	4
1165	28	18	4
1166	41	18	4
1167	24	18	4
1168	21	18	4
1169	31	18	4
1170	26	18	4
1171	28	18	4
1172	32	18	4
1173	27	18	4
1174	44	18	4
1175	23	18	4
1176	25	18	4
1177	42	18	4
1178	36	18	4
1179	23	18	4
1180	25	18	4
1181	31	18	4
1182	29	18	4
1183	31	18	4
1184	19	18	4
1185	21	18	4
1186	28	18	4
1187	38	18	4
1188	37	18	4
1189	22	18	4
1190	33	18	4
1191	30	18	4
1192	26	18	4
1193	39	18	4
1194	16	18	4
1195	28	18	4
1196	31	18	4
1197	38	18	4
1198	24	18	4
1199	20	18	4
1200	16	18	4
1201	24	18	4
1202	27	18	4
1203	24	18	4
1204	25	18	4
1205	22	18	4
1206	32	18	4
1207	24	18	4
1208	23	18	4
1209	33	18	4
1210	31	18	4
1211	23	18	4
1212	26	18	4
1213	27	18	4
1214	26	18	4
1215	26	18	4
1216	24	18	4
1217	31	18	4
1218	35	18	4
1219	30	18	4
1220	34	18	4
1221	14	18	4
1222	29	18	4
1223	27	18	4
1224	28	18	4
1225	21	18	4
1226	31	18	4
1227	28	18	4
1228	28	18	4
1229	22	18	4
1230	24	18	4
1231	33	18	4
1232	24	18	4
1233	17	18	4
1234	29	18	4
1235	18	18	4
1236	25	18	4
1237	27	18	4
1238	25	18	4
1239	19	18	4
1240	31	18	4
1241	20	18	4
1242	26	18	4
1243	19	18	4
1244	22	18	4
1245	23	18	4
1246	27	18	4
1247	35	18	4
1248	19	18	4
1249	25	18	4
1250	24	18	4
1251	26	18	4
1252	26	18	4
1253	23	18	4
1254	23	18	4
1255	26	18	4
1256	10	18	4
1257	25	18	4
1258	22	18	4
1259	24	18	4
1260	24	18	4
1261	22	18	4
1262	20	18	4
1263	23	18	4
1264	20	18	4
1265	21	18	4
1266	28	18	4
1267	24	18	4
1268	19	18	4
1269	19	18	4
1270	30	18	4
1271	22	18	4
1272	19	18	4
1273	28	18	4
1274	25	18	4
1275	35	18	4
1276	26	18	4
1277	26	18	4
1278	22	18	4
1279	29	18	4
1280	17	18	4
1281	24	18	4
1282	32	18	4
1283	30	18	4
1284	23	18	4
1285	21	18	4
1286	28	18	4
1287	26	18	4
1288	33	18	4
1289	36	18	4
1290	23	18	4
1291	25	18	4
1292	28	18	4
1293	24	18	4
1294	13	18	4
1295	24	18	4
1296	20	18	4
1297	19	18	4
1298	27	18	4
1299	20	18	4
1300	28	18	4
1301	28	18	4
1302	21	18	4
1303	20	18	4
1304	16	18	4
1305	25	18	4
1306	18	18	4
1307	34	18	4
1308	20	18	4
1309	27	18	4
1310	38	18	4
1311	23	18	4
1312	26	18	4
1313	22	18	4
1314	23	18	4
1315	28	18	4
1316	31	19	4
1317	29	19	4
1318	29	19	4
1319	12	19	4
1320	22	19	4
1321	20	19	4
1322	21	19	4
1323	20	19	4
1324	25	19	4
1325	21	19	4
1326	24	19	4
1327	35	19	4
1328	27	19	4
1329	21	19	4
1330	17	19	4
1331	20	19	4
1332	22	19	4
1333	20	19	4
1334	28	19	4
1335	20	19	4
1336	20	19	4
1337	28	19	4
1338	16	19	4
1339	27	19	4
1340	29	20	4
1341	19	20	4
1342	21	20	4
1343	33	20	4
1344	15	20	4
1345	26	20	4
1346	27	20	4
1347	24	20	4
1348	33	20	4
1349	17	20	4
1350	30	21	4
1351	29	21	4
1352	22	21	4
1353	30	21	4
1354	27	21	4
1355	26	21	4
1356	29	21	4
1357	30	22	4
1358	26	22	4
1359	30	22	4
1360	26	22	4
1361	27	22	4
1362	29	22	4
1363	40	23	4
1364	31	23	4
1365	26	23	4
1366	29	23	4
1367	21	24	4
1368	33	24	4
1369	31	24	4
1370	29	24	4
1371	35	25	4
1372	33	25	4
1373	36	25	4
1374	28	26	4
1375	39	26	4
1376	20	27	4
1377	29	27	4
1378	37	27	4
1379	37	28	4
1380	38	28	4
1381	25	29	4
1382	44	29	4
1383	34	30	4
1384	31	30	4
1385	49	31	4
1386	30	31	4
1387	36	32	4
1388	51	32	4
1389	45	33	4
1390	34	33	4
1391	36	34	4
1392	25	35	4
1393	35	35	4
1394	32	36	4
1395	42	37	4
1396	37	38	4
1397	37	38	4
1398	47	39	4
1399	51	40	4
1400	38	41	4
1401	52	42	4
1402	38	43	4
1403	55	44	4
1404	35	45	4
1405	51	46	4
1406	61	47	4
1407	67	48	4
1408	56	49	4
1409	48	50	4
1410	60	51	4
1411	66	53	4
1412	71	54	4
1413	56	55	4
1414	78	56	4
1415	45	58	4
1416	55	59	4
1417	90	61	4
1418	58	62	4
1419	75	64	4
1420	89	65	4
1421	79	67	4
1422	80	68	4
1423	76	70	4
1424	89	72	4
1425	81	73	4
1426	90	75	4
1427	90	77	4
1428	96	79	4
1429	65	81	4
1430	129	83	4
1431	79	85	4
1432	92	87	4
1433	113	89	4
1434	77	91	4
1435	107	93	4
1436	112	95	4
1437	104	98	4
1438	119	100	4
1439	138	102	4
1440	102	105	4
1441	98	107	4
1442	109	110	4
1443	105	112	4
1444	117	115	4
1445	94	117	4
1446	123	120	4
1447	106	123	4
1448	116	125	4
1449	166	128	4
1450	133	131	4
1451	150	134	4
1452	165	137	4
1453	133	140	4
1454	144	143	4
1455	113	146	4
1456	144	149	4
1457	150	152	4
1458	152	155	4
1459	169	158	4
1460	183	161	4
1461	151	164	4
1462	197	168	4
1463	142	171	4
1464	136	174	4
1465	204	178	4
1466	135	181	4
1467	180	184	4
1468	184	188	4
1469	198	191	4
1470	204	195	4
1471	224	198	4
1472	178	202	4
1473	205	205	4
1474	217	209	4
1475	194	212	4
1476	208	216	4
1477	198	219	4
1478	240	223	4
1479	163	227	4
1480	217	230	4
1481	275	234	4
1482	191	237	4
1483	242	241	4
1484	281	244	4
1485	243	248	4
1486	270	252	4
1487	230	255	4
1488	216	259	4
1489	300	262	4
1490	244	266	4
1491	297	269	4
1492	284	273	4
1493	227	276	4
1494	314	280	4
1495	228	283	4
1496	294	286	4
1497	319	290	4
1498	281	293	4
1499	316	296	4
1500	326	300	4
1501	260	303	4
1502	303	306	4
1503	355	309	4
1504	261	312	4
1505	292	315	4
1506	312	318	4
1507	299	321	4
1508	350	324	4
1509	289	327	4
1510	418	330	4
1511	304	332	4
1512	327	335	4
1513	355	337	4
1514	284	340	4
1515	336	342	4
1516	412	345	4
1517	382	347	4
1518	342	349	4
1519	326	351	4
1520	286	353	4
1521	337	355	4
1522	348	357	4
1523	393	359	4
1524	376	361	4
1525	280	362	4
1526	426	364	4
1527	333	365	4
1528	313	367	4
1529	406	368	4
1530	295	369	4
1531	407	370	4
1532	356	371	4
1533	371	372	4
1534	413	373	4
1535	396	374	4
1536	304	374	4
1537	392	375	4
1538	396	375	4
1539	357	376	4
1540	400	376	4
1541	345	376	4
1542	450	376	4
1543	343	376	4
1544	333	376	4
1545	453	376	4
1546	294	375	4
1547	366	375	4
1548	427	374	4
1549	383	374	4
1550	368	373	4
1551	340	372	4
1552	352	371	4
1553	394	370	4
1554	349	369	4
1555	437	368	4
1556	358	366	4
1557	323	365	4
1558	434	364	4
1559	357	362	4
1560	312	360	4
1561	480	359	4
1562	323	357	4
1563	421	355	4
1564	336	353	4
1565	345	351	4
1566	364	349	4
1567	395	347	4
1568	286	344	4
1569	368	342	4
1570	328	340	4
1571	301	337	4
1572	372	334	4
1573	303	332	4
1574	415	329	4
1575	323	326	4
1576	242	324	4
1577	375	321	4
1578	278	318	4
1579	302	315	4
1580	358	312	4
1581	315	309	4
1582	324	306	4
1583	265	302	4
1584	270	299	4
1585	312	296	4
1586	288	293	4
1587	333	289	4
1588	256	286	4
1589	259	283	4
1590	338	279	4
1591	247	276	4
1592	242	272	4
1593	301	269	4
1594	239	265	4
1595	306	262	4
1596	275	258	4
1597	292	255	4
1598	232	251	4
1599	281	247	4
1600	208	244	4
1601	221	240	4
1602	220	237	4
1603	262	233	4
1604	254	230	4
1605	217	226	4
1606	279	222	4
1607	179	219	4
1608	185	215	4
1609	249	212	4
1610	158	208	4
1611	220	205	4
1612	219	201	4
1613	201	198	4
1614	189	194	4
1615	161	191	4
1616	173	187	4
1617	202	184	4
1618	172	180	4
1619	190	177	4
1620	177	174	4
1621	145	170	4
1622	178	167	4
1623	121	164	4
1624	166	161	4
1625	187	158	4
1626	122	154	4
1627	162	151	4
1628	153	148	4
1629	154	145	4
1630	159	142	4
1631	135	139	4
1632	135	136	4
1633	155	133	4
1634	149	131	4
1635	138	128	4
1636	132	125	4
1637	102	122	4
1638	118	120	4
1639	105	117	4
1640	84	114	4
1641	125	112	4
1642	95	109	4
1643	95	107	4
1644	121	104	4
1645	107	102	4
1646	85	100	4
1647	111	97	4
1648	77	95	4
1649	87	93	4
1650	84	91	4
1651	82	89	4
1652	94	87	4
1653	84	85	4
1654	102	83	4
1655	54	81	4
1656	52	79	4
1657	77	77	4
1658	59	75	4
1659	88	73	4
1660	52	71	4
1661	80	70	4
1662	52	68	4
1663	71	66	4
1664	40	65	4
1665	50	63	4
1666	50	62	4
1667	50	60	4
1668	76	59	4
1669	38	58	4
1670	65	56	4
1671	39	55	4
1672	48	54	4
1673	55	52	4
1674	44	51	4
1675	48	50	4
1676	42	49	4
1677	33	48	4
1678	32	47	4
1679	44	46	4
1680	47	45	4
1681	29	44	4
1682	31	43	4
1683	36	42	4
1684	35	41	4
1685	30	40	4
1686	34	39	4
1687	24	38	4
1688	34	38	4
1689	40	37	4
1690	26	36	4
1691	33	35	4
1692	35	35	4
1693	37	34	4
1694	35	33	4
1695	29	33	4
1696	25	32	4
1697	24	32	4
1698	27	31	4
1699	26	30	4
1700	26	30	4
1701	23	29	4
1702	24	29	4
1703	20	29	4
1704	26	28	4
1705	36	28	4
1706	19	27	4
1707	15	27	4
1708	24	26	4
1709	27	26	4
1710	18	26	4
1711	17	25	4
1712	20	25	4
1713	25	25	4
1714	15	24	4
1715	19	24	4
1716	15	24	4
1717	20	24	4
1718	17	23	4
1719	16	23	4
1720	16	23	4
1721	25	23	4
1722	16	22	4
1723	15	22	4
1724	11	22	4
1725	11	22	4
1726	17	22	4
1727	18	22	4
1728	12	21	4
1729	12	21	4
1730	16	21	4
1731	14	21	4
1732	16	21	4
1733	15	21	4
1734	19	21	4
1735	12	20	4
1736	12	20	4
1737	21	20	4
1738	19	20	4
1739	18	20	4
1740	21	20	4
1741	12	20	4
1742	9	20	4
1743	26	20	4
1744	13	20	4
1745	13	19	4
1746	12	19	4
1747	10	19	4
1748	11	19	4
1749	10	19	4
1750	14	19	4
1751	13	19	4
1752	14	19	4
1753	14	19	4
1754	8	19	4
1755	15	19	4
1756	11	19	4
1757	15	19	4
1758	13	19	4
1759	18	19	4
1760	8	19	4
1761	8	19	4
1762	16	19	4
1763	13	19	4
1764	16	19	4
1765	8	19	4
1766	9	19	4
1767	8	19	4
1768	16	19	4
1769	9	18	4
1770	9	18	4
1771	8	18	4
1772	14	18	4
1773	11	18	4
1774	11	18	4
1775	9	18	4
1776	12	18	4
1777	6	18	4
1778	14	18	4
1779	17	18	4
1780	19	18	4
1781	8	18	4
1782	17	18	4
1783	16	18	4
1784	12	18	4
1785	16	18	4
1786	7	18	4
1787	13	18	4
1788	14	18	4
1789	13	18	4
1790	17	18	4
1791	10	18	4
1792	8	18	4
1793	23	18	4
1794	7	18	4
1795	17	18	4
1796	12	18	4
1797	7	18	4
1798	13	18	4
1799	20	18	4
1800	5	18	4
1801	18	18	4
1802	9	18	4
1803	11	18	4
1804	8	18	4
1805	10	18	4
1806	16	18	4
1807	6	18	4
1808	15	18	4
1809	14	18	4
1810	13	18	4
1811	13	18	4
1812	12	18	4
1813	6	18	4
1814	9	18	4
1815	9	18	4
1816	12	18	4
1817	16	18	4
1818	10	18	4
1819	12	18	4
1820	15	18	4
1821	10	18	4
1822	15	18	4
1823	11	18	4
1824	11	18	4
1825	11	18	4
1826	8	18	4
1827	4	18	4
1828	14	18	4
1829	7	18	4
1830	13	18	4
1831	12	18	4
1832	15	18	4
1833	22	18	4
1834	5	18	4
1835	13	18	4
1836	12	18	4
1837	13	18	4
1838	11	18	4
1839	4	18	4
1840	18	18	4
1841	13	18	4
1842	21	18	4
1843	13	18	4
1844	13	18	4
1845	5	18	4
1846	8	18	4
1847	8	18	4
1848	7	18	4
1849	13	18	4
1850	11	18	4
1851	19	18	4
1852	11	18	4
1853	16	18	4
1854	15	18	4
1855	12	18	4
1856	6	18	4
1857	17	18	4
1858	7	18	4
1859	14	18	4
1860	15	18	4
1861	10	18	4
1862	13	18	4
1863	8	18	4
1864	13	18	4
1865	15	18	4
1866	13	18	4
1867	17	18	4
1868	9	18	4
1869	7	18	4
1870	7	18	4
1871	12	18	4
1872	15	18	4
1873	16	18	4
1874	10	18	4
1875	15	18	4
1876	16	18	4
1877	3	18	4
1878	12	18	4
1879	8	18	4
1880	14	18	4
1881	13	18	4
1882	10	18	4
1883	15	18	4
1884	9	18	4
1885	19	18	4
1886	13	18	4
1887	9	18	4
1888	23	18	4
1889	15	18	4
1890	16	18	4
1891	14	18	4
1892	6	18	4
1893	13	18	4
1894	25	18	4
1895	12	18	4
1896	12	18	4
1897	17	18	4
1898	7	18	4
1899	9	18	4
1900	10	18	4
1901	12	18	4
1902	10	18	4
1903	10	18	4
1904	12	18	4
1905	7	18	4
1906	8	18	4
1907	17	18	4
1908	12	18	4
1909	11	18	4
1910	13	18	4
1911	9	18	4
1912	8	18	4
1913	17	18	4
1914	7	18	4
1915	12	18	4
1916	13	18	4
1917	8	18	4
1918	10	18	4
1919	12	18	4
1920	12	18	4
1921	20	18	4
1922	11	18	4
1923	14	18	4
1924	17	18	4
1925	12	18	4
1926	17	18	4
1927	23	18	4
1928	11	18	4
1929	11	18	4
1930	10	18	4
1931	11	18	4
1932	8	18	4
1933	14	18	4
1934	11	18	4
1935	6	18	4
1936	8	18	4
1937	7	18	4
1938	11	18	4
1939	17	18	4
1940	12	18	4
1941	12	18	4
1942	21	18	4
1943	10	18	4
1944	14	18	4
1945	7	18	4
1946	7	18	4
1947	15	18	4
1948	11	18	4
1949	11	18	4
1950	17	18	4
1951	12	18	4
1952	9	18	4
1953	12	18	4
1954	12	18	4
1955	11	18	4
1956	8	18	4
1957	14	18	4
1958	10	18	4
1959	14	18	4
1960	5	18	4
1961	17	18	4
1962	11	18	4
1963	18	18	4
1964	14	18	4
1965	16	18	4
1966	13	18	4
1967	12	18	4
1968	18	18	4
1969	17	18	4
1970	7	18	4
1971	14	18	4
1972	14	18	4
1973	11	18	4
1974	13	18	4
1975	9	18	4
1976	13	18	4
1977	14	18	4
1978	12	18	4
1979	13	18	4
1980	15	18	4
1981	13	18	4
1982	14	18	4
1983	10	18	4
1984	15	18	4
1985	7	18	4
1986	9	18	4
1987	11	18	4
1988	14	18	4
1989	6	18	4
1990	12	18	4
1991	13	18	4
1992	12	18	4
1993	16	18	4
1994	11	18	4
1995	14	18	4
1996	16	18	4
1997	7	18	4
1998	12	18	4
1999	14	18	4
2000	16	18	4
2001	15	18	4
2002	14	18	4
2003	14	18	4
2004	11	18	4
2005	10	18	4
2006	12	18	4
2007	10	18	4
2008	8	18	4
2009	12	18	4
2010	10	18	4
2011	19	18	4
2012	12	18	4
2013	17	18	4
2014	16	18	4
2015	8	18	4
2016	11	18	4
2017	17	18	4
2018	14	18	4
2019	12	18	4
2020	12	18	4
2021	13	18	4
2022	12	18	4
2023	9	18	4
2024	10	18	4
2025	16	18	4
2026	11	18	4
2027	15	18	4
2028	13	18	4
2029	17	18	4
2030	11	18	4
2031	6	18	4
2032	9	18	4
2033	12	18	4
2034	12	18	4
2035	19	18	4
2036	13	18	4
2037	15	18	4
2038	16	18	4
2039	8	18	4
2040	9	18	4
2041	17	18	4
2042	8	18	4
2043	14	18	4
2044	10	18	4
2045	10	18	4
2046	21	18	4
2047	15	18	4
2048	10	18	4
2049	13	18	4
2050	10	18	4
2051	8	18	4
2052	15	18	4
2053	8	18	4
2054	15	18	4
2055	12	18	4
2056	17	18	4
2057	15	18	4
2058	10	18	4
2059	18	18	4
2060	13	18	4
2061	12	18	4
2062	11	18	4
2063	11	18	4
2064	12	18	4
2065	9	18	4
2066	16	18	4
2067	15	18	4
2068	16	18	4
2069	17	18	4
2070	20	18	4
2071	10	18	4
2072	7	18	4
2073	9	18	4
2074	9	18	4
2075	20	18	4
2076	8	18	4
2077	13	18	4
2078	16	18	4
2079	6	18	4
2080	12	18	4
2081	6	18	4
2082	13	18	4
2083	13	18	4
2084	12	18	4
2085	17	18	4
2086	14	18	4
2087	7	18	4
2088	8	18	4
2089	12	18	4
2090	11	18	4
2091	10	18	4
2092	10	18	4
2093	12	18	4
2094	12	18	4
2095	11	18	4
2096	8	18	4
2097	14	18	4
2098	11	18	4
2099	18	18	4
2100	11	18	4
2101	13	18	4
2102	16	18	4
2103	11	18	4
2104	11	18	4
2105	7	18	4
2106	3	18	4
2107	15	18	4
2108	4	18	4
2109	14	18	4
2110	12	18	4
2111	16	18	4
2112	14	18	4
2113	11	18	4
2114	10	18	4
2115	12	18	4
2116	9	18	4
2117	8	18	4
2118	17	18	4
2119	9	18	4
2120	10	18	4
2121	14	18	4
2122	11	18	4
2123	9	18	4
2124	15	18	4
2125	16	18	4
2126	13	18	4
2127	18	18	4
2128	9	18	4
2129	9	18	4
2130	9	18	4
2131	9	18	4
2132	12	18	4
2133	9	18	4
2134	11	18	4
2135	7	18	4
2136	11	18	4
2137	11	18	4
2138	6	18	4
2139	9	18	4
2140	9	18	4
2141	14	18	4
2142	10	18	4
2143	15	18	4
2144	15	18	4
2145	14	18	4
2146	9	18	4
2147	11	18	4
2148	15	18	4
2149	10	18	4
2150	18	18	4
2151	8	18	4
2152	9	18	4
2153	11	18	4
2154	16	18	4
2155	6	18	4
2156	19	18	4
2157	17	18	4
2158	13	18	4
2159	13	18	4
2160	12	18	4
2161	14	18	4
2162	12	18	4
2163	11	18	4
2164	14	18	4
2165	20	18	4
2166	13	18	4
2167	12	18	4
2168	13	18	4
2169	13	18	4
2170	9	18	4
2171	16	18	4
2172	14	18	4
2173	5	18	4
2174	17	18	4
2175	12	18	4
2176	8	18	4
2177	5	18	4
2178	9	18	4
2179	10	18	4
2180	21	18	4
2181	9	18	4
2182	14	18	4
2183	17	18	4
2184	15	18	4
2185	11	18	4
2186	9	18	4
2187	10	18	4
2188	14	18	4
2189	11	18	4
2190	9	18	4
2191	8	18	4
2192	9	18	4
2193	11	18	4
2194	7	18	4
2195	14	18	4
2196	10	18	4
2197	11	18	4
2198	7	18	4
2199	4	18	4
2200	8	18	4
2201	11	18	4
2202	12	18	4
2203	18	18	4
2204	10	18	4
2205	9	18	4
2206	17	18	4
2207	10	18	4
2208	12	18	4
2209	12	18	4
2210	12	18	4
2211	9	18	4
2212	13	18	4
2213	10	18	4
2214	11	18	4
2215	12	18	4
2216	16	18	4
2217	9	18	4
2218	12	18	4
2219	11	18	4
2220	17	18	4
2221	12	18	4
2222	13	18	4
2223	4	18	4
2224	15	18	4
2225	9	18	4
2226	12	18	4
2227	15	18	4
2228	10	18	4
2229	13	18	4
2230	11	18	4
2231	11	18	4
2232	10	18	4
2233	11	18	4
2234	15	18	4
2235	22	18	4
2236	9	18	4
2237	10	18	4
2238	9	18	4
2239	9	18	4
2240	15	18	4
2241	12	18	4
2242	11	18	4
2243	13	18	4
2244	13	18	4
2245	6	18	4
2246	12	18	4
2247	9	18	4
2248	12	18	4
2249	13	18	4
2250	11	18	4
2251	11	18	4
2252	7	18	4
2253	11	18	4
2254	14	18	4
2255	13	18	4
2256	12	18	4
2257	13	18	4
2258	11	18	4
2259	16	18	4
2260	15	18	4
2261	8	18	4
2262	12	18	4
2263	8	18	4
2264	10	18	4
2265	12	18	4
2266	13	18	4
2267	12	18	4
2268	12	18	4
2269	10	18	4
2270	11	18	4
2271	6	18	4
2272	12	18	4
2273	14	18	4
2274	9	18	4
2275	9	18	4
2276	15	18	4
2277	11	18	4
2278	10	18	4
2279	8	18	4
2280	3	18	4
2281	16	18	4
2282	9	18	4
2283	13	18	4
2284	13	18	4
2285	11	18	4
2286	10	18	4
2287	13	18	4
2288	14	18	4
2289	19	18	4
2290	16	18	4
2291	9	18	4
2292	10	18	4
2293	9	18	4
2294	12	18	4
2295	12	18	4
2296	8	18	4
2297	9	18	4
2298	12	18	4
2299	6	18	4
2300	10	18	4
2301	9	18	4
2302	11	18	4
2303	6	18	4
2304	10	18	4
2305	15	18	4
2306	18	18	4
2307	15	18	4
2308	14	18	4
2309	12	18	4
2310	16	18	4
2311	13	18	4
2312	16	18	4
2313	16	18	4
2314	15	18	4
2315	8	18	4
2316	18	18	4
2317	11	18	4
2318	12	18	4
2319	8	18	4
2320	15	18	4
2321	8	18	4
2322	10	18	4
2323	14	18	4
2324	18	18	4
2325	6	18	4
2326	17	18	4
2327	12	18	4
2328	17	18	4
2329	9	18	4
2330	8	18	4
2331	12	18	4
2332	14	18	4
2333	12	18	4
2334	13	18	4
2335	1	18	4
2336	11	18	4
2337	18	18	4
2338	5	18	4
2339	11	18	4
2340	13	18	4
2341	6	18	4
2342	17	18	4
2343	18	18	4
2344	13	18	4
2345	12	18	4
2346	13	18	4
2347	10	18	4
2348	15	18	4
2349	15	18	4
2350	10	18	4
2351	6	18	4
2352	11	18	4
2353	9	18	4
2354	15	18	4
2355	11	18	4
2356	18	18	4
2357	12	18	4
2358	11	18	4
2359	17	18	4
2360	10	18	4
2361	17	18	4
2362	5	18	4
2363	20	18	4
2364	8	18	4
2365	8	18	4
2366	11	18	4
2367	12	18	4
2368	11	18	4
2369	11	18	4
2370	16	18	4
2371	17	18	4
2372	14	18	4
2373	9	18	4
2374	18	18	4
2375	8	18	4
2376	16	18	4
2377	13	18	4
2378	18	18	4
2379	8	18	4
2380	16	18	4
2381	9	18	4
2382	13	18	4
2383	11	18	4
2384	9	18	4
2385	9	18	4
2386	13	18	4
2387	17	18	4
2388	18	18	4
2389	17	18	4
2390	13	18	4
2391	12	18	4
2392	16	18	4
2393	12	18	4
2394	15	18	4
2395	12	18	4
2396	14	18	4
2397	14	18	4
2398	14	18	4
2399	11	18	4
2400	14	18	4
2401	10	18	4
2402	13	18	4
2403	10	18	4
2404	19	18	4
2405	9	18	4
2406	16	18	4
2407	6	18	4
2408	13	18	4
2409	7	18	4
2410	10	18	4
2411	11	18	4
2412	13	18	4
2413	14	18	4
2414	11	18	4
2415	11	18	4
2416	8	18	4
2417	14	18	4
2418	8	18	4
2419	12	18	4
2420	15	18	4
2421	8	18	4
2422	22	18	4
2423	10	18	4
2424	12	18	4
2425	15	18	4
2426	13	18	4
2427	9	18	4
2428	15	18	4
2429	13	18	4
2430	6	18	4
2431	6	18	4
2432	13	18	4
2433	7	18	4
2434	12	18	4
2435	10	18	4
2436	15	18	4
2437	9	18	4
2438	24	18	4
2439	9	18	4
2440	8	18	4
2441	9	18	4
2442	13	18	4
2443	10	18	4
2444	15	18	4
2445	9	18	4
2446	13	18	4
2447	4	18	4
2448	20	18	4
2449	14	18	4
2450	21	18	4
2451	11	18	4
2452	14	18	4
2453	6	18	4
2454	17	18	4
2455	10	18	4
2456	12	18	4
2457	10	18	4
2458	8	18	4
2459	10	18	4
2460	10	18	4
2461	18	18	4
2462	13	18	4
2463	19	18	4
2464	10	18	4
2465	14	18	4
2466	22	18	4
2467	9	18	4
2468	15	18	4
2469	13	18	4
2470	15	18	4
2471	11	18	4
2472	13	18	4
2473	9	18	4
2474	12	18	4
2475	7	18	4
2476	8	18	4
2477	14	18	4
2478	7	18	4
2479	3	18	4
2480	15	18	4
2481	18	18	4
2482	19	18	4
2483	17	18	4
2484	11	18	4
2485	11	18	4
2486	15	18	4
2487	15	18	4
2488	17	18	4
2489	21	18	4
2490	11	18	4
2491	14	18	4
2492	12	18	4
2493	16	18	4
2494	12	18	4
2495	12	18	4
2496	16	18	4
2497	7	18	4
2498	6	18	4
2499	13	18	4
2500	18	18	4
2501	10	18	4
2502	11	18	4
2503	9	18	4
2504	19	18	4
2505	20	18	4
2506	8	18	4
2507	11	18	4
2508	19	18	4
2509	18	18	4
2510	15	18	4
2511	10	18	4
2512	14	18	4
2513	8	18	4
2514	13	18	4
2515	17	18	4
2516	12	18	4
2517	8	18	4
2518	21	18	4
2519	8	18	4
2520	12	18	4
2521	16	18	4
2522	16	18	4
2523	16	18	4
2524	16	18	4
2525	8	18	4
2526	12	18	4
2527	20	18	4
2528	8	18	4
2529	9	18	4
2530	10	18	4
2531	12	18	4
2532	19	18	4
2533	9	18	4
2534	10	18	4
2535	15	18	4
2536	15	18	4
2537	14	18	4
2538	12	18	4
2539	6	18	4
2540	13	18	4
2541	10	18	4
2542	14	18	4
2543	11	18	4
2544	15	18	4
2545	11	18	4
2546	9	18	4
2547	21	18	4
2548	15	18	4
2549	14	18	4
2550	9	18	4
2551	6	18	4
2552	8	18	4
2553	20	18	4
2554	10	18	4
2555	10	18	4
2556	8	18	4
2557	15	18	4
2558	6	18	4
2559	12	18	4
2560	10	18	4
2561	6	18	4
2562	8	18	4
2563	10	18	4
2564	10	18	4
2565	13	18	4
2566	12	18	4
2567	6	18	4
2568	15	18	4
2569	20	18	4
2570	14	18	4
2571	6	18	4
2572	16	18	4
2573	14	18	4
2574	14	18	4
2575	13	18	4
2576	15	18	4
2577	18	18	4
2578	19	18	4
2579	13	18	4
2580	8	18	4
2581	5	18	4
2582	9	18	4
2583	4	18	4
2584	9	18	4
2585	20	18	4
2586	12	18	4
2587	14	18	4
2588	14	18	4
2589	12	18	4
2590	11	18	4
2591	10	18	4
2592	17	18	4
2593	16	18	4
2594	10	18	4
2595	16	18	4
2596	12	18	4
2597	13	18	4
2598	15	18	4
2599	7	18	4
2600	13	18	4
2601	9	18	4
2602	5	18	4
2603	9	18	4
2604	13	18	4
2605	12	18	4
2606	13	18	4
2607	9	18	4
2608	19	18	4
2609	13	18	4
2610	15	18	4
2611	21	18	4
2612	9	18	4
2613	12	18	4
2614	18	18	4
2615	11	18	4
2616	7	18	4
2617	17	18	4
2618	6	18	4
2619	13	18	4
2620	10	18	4
2621	12	18	4
2622	14	18	4
2623	7	18	4
2624	16	18	4
2625	13	18	4
2626	10	18	4
2627	13	18	4
2628	16	18	4
2629	14	18	4
2630	16	18	4
2631	9	18	4
2632	9	18	4
2633	22	18	4
2634	12	18	4
2635	12	18	4
2636	12	18	4
2637	16	18	4
2638	12	18	4
2639	10	18	4
2640	11	18	4
2641	14	18	4
2642	16	18	4
2643	22	18	4
2644	13	18	4
2645	7	18	4
2646	20	18	4
2647	8	18	4
2648	14	18	4
2649	22	18	4
2650	12	18	4
2651	13	18	4
2652	12	18	4
2653	18	18	4
2654	11	18	4
2655	12	18	4
2656	19	18	4
2657	10	18	4
2658	6	18	4
2659	19	18	4
2660	14	18	4
2661	13	18	4
2662	19	18	4
2663	16	18	4
2664	12	18	4
2665	18	18	4
2666	14	18	4
2667	10	18	4
2668	20	18	4
2669	11	18	4
2670	21	18	4
2671	18	18	4
2672	14	18	4
2673	19	18	4
2674	16	18	4
2675	21	18	4
2676	14	18	4
2677	12	18	4
2678	18	18	4
2679	15	18	4
2680	14	18	4
2681	13	18	4
2682	17	18	4
2683	15	18	4
2684	14	18	4
2685	14	18	4
2686	22	18	4
2687	11	18	4
2688	9	18	4
2689	14	18	4
2690	12	18	4
2691	7	18	4
2692	19	18	4
2693	14	18	4
2694	18	18	4
2695	11	18	4
2696	17	18	4
2697	15	18	4
2698	13	18	4
2699	10	18	4
2700	21	18	4
2701	15	18	4
2702	20	18	4
2703	12	18	4
2704	14	18	4
2705	20	18	4
2706	10	18	4
2707	16	18	4
2708	17	18	4
2709	6	18	4
2710	14	18	4
2711	12	18	4
2712	15	18	4
2713	19	18	4
2714	10	18	4
2715	12	18	4
2716	15	18	4
2717	10	18	4
2718	10	18	4
2719	14	18	4
2720	17	18	4
2721	11	18	4
2722	16	18	4
2723	11	18	4
2724	27	18	4
2725	9	18	4
2726	26	18	4
2727	10	18	4
2728	15	18	4
2729	20	18	4
2730	12	18	4
2731	12	18	4
2732	18	18	4
2733	11	18	4
2734	18	18	4
2735	6	18	4
2736	20	18	4
2737	12	18	4
2738	19	18	4
2739	13	18	4
2740	12	18	4
2741	11	18	4
2742	21	18	4
2743	9	18	4
2744	9	18	4
2745	11	18	4
2746	16	18	4
2747	14	18	4
2748	19	18	4
2749	12	18	4
2750	13	18	4
2751	22	18	4
2752	19	18	4
2753	12	18	4
2754	11	18	4
2755	15	18	4
2756	20	18	4
2757	8	18	4
2758	24	18	4
2759	11	18	4
2760	14	18	4
2761	24	18	4
2762	7	18	4
2763	13	18	4
2764	13	18	4
2765	19	18	4
2766	11	18	4
2767	13	18	4
2768	15	18	4
2769	10	18	4
2770	19	18	4
2771	21	18	4
2772	18	18	4
2773	11	18	4
2774	29	18	4
2775	12	18	4
2776	17	18	4
2777	18	18	4
2778	17	18	4
2779	22	18	4
2780	18	18	4
2781	14	18	4
2782	17	18	4
2783	12	18	4
2784	12	18	4
2785	12	18	4
2786	16	18	4
2787	22	18	4
2788	18	18	4
2789	11	18	4
2790	15	18	4
2791	16	18	4
2792	16	18	4
2793	16	18	4
2794	21	18	4
2795	9	18	4
2796	22	18	4
2797	13	18	4
2798	15	18	4
2799	11	18	4
2800	10	18	4
2801	18	18	4
2802	15	18	4
2803	9	18	4
2804	15	18	4
2805	15	18	4
2806	18	18	4
2807	10	18	4
2808	8	18	4
2809	18	18	4
2810	19	18	4
2811	22	18	4
2812	15	18	4
2813	10	18	4
2814	24	18	4
2815	3	18	4
2816	14	18	4
2817	18	18	4
2818	14	18	4
2819	10	18	4
2820	11	18	4
2821	11	18	4
2822	18	18	4
2823	16	18	4
2824	9	18	4
2825	26	18	4
2826	10	18	4
2827	19	18	4
2828	16	18	4
2829	11	18	4
2830	18	18	4
2831	9	18	4
2832	12	18	4
2833	20	18	4
2834	14	18	4
2835	19	18	4
2836	14	18	4
2837	12	18	4
2838	18	18	4
2839	7	18	4
2840	18	18	4
2841	22	18	4
2842	8	18	4
2843	18	18	4
2844	22	18	4
2845	24	18	4
2846	16	18	4
2847	10	18	4
2848	21	18	4
2849	15	18	4
2850	12	18	4
2851	14	18	4
2852	23	18	4
2853	16	18	4
2854	18	18	4
2855	9	18	4
2856	13	18	4
2857	24	18	4
2858	16	18	4
2859	13	18	4
2860	15	18	4
2861	12	18	4
2862	24	18	4
2863	7	18	4
2864	15	18	4
2865	21	18	4
2866	10	18	4
2867	17	18	4
2868	17	18	4
2869	16	18	4
2870	33	18	4
2871	14	18	4
2872	11	18	4
2873	17	18	4
2874	18	18	4
2875	21	18	4
2876	18	18	4
2877	19	18	4
2878	15	18	4
2879	19	18	4
2880	14	18	4
2881	15	18	4
2882	14	18	4
2883	10	18	4
2884	17	18	4
2885	12	18	4
2886	22	18	4
2887	6	18	4
2888	21	18	4
2889	14	18	4
2890	14	18	4
2891	15	18	4
2892	23	18	4
2893	10	18	4
2894	19	18	4
2895	11	18	4
2896	8	18	4
2897	9	18	4
2898	21	18	4
2899	18	18	4
2900	16	18	4
2901	6	18	4
2902	13	18	4
2903	7	18	4
2904	16	18	4
2905	9	18	4
2906	16	18	4
2907	17	18	4
2908	17	18	4
2909	9	18	4
2910	14	18	4
2911	12	18	4
2912	11	18	4
2913	12	18	4
2914	15	18	4
2915	18	18	4
2916	13	18	4
2917	12	18	4
2918	17	18	4
2919	9	18	4
2920	18	18	4
2921	18	18	4
2922	18	18	4
2923	12	18	4
2924	23	18	4
2925	13	18	4
2926	16	18	4
2927	8	18	4
2928	17	18	4
2929	8	18	4
2930	19	18	4
2931	21	18	4
2932	21	18	4
2933	9	18	4
2934	24	18	4
2935	15	18	4
2936	8	18	4
2937	24	18	4
2938	7	18	4
2939	17	18	4
2940	19	18	4
2941	12	18	4
2942	9	18	4
2943	6	18	4
2944	16	18	4
2945	9	18	4
2946	14	18	4
2947	11	18	4
2948	21	18	4
2949	10	18	4
2950	17	18	4
2951	9	18	4
2952	15	18	4
2953	17	18	4
2954	17	18	4
2955	15	18	4
2956	16	18	4
2957	12	18	4
2958	15	18	4
2959	8	18	4
2960	18	18	4
2961	11	18	4
2962	18	18	4
2963	11	18	4
2964	18	18	4
2965	12	18	4
2966	18	18	4
2967	6	18	4
2968	12	18	4
2969	19	18	4
2970	6	18	4
2971	15	18	4
2972	23	18	4
2973	16	18	4
2974	9	18	4
2975	12	18	4
2976	16	18	4
2977	18	18	4
2978	8	18	4
2979	10	18	4
2980	15	18	4
2981	11	18	4
2982	15	18	4
2983	9	18	4
2984	12	18	4
2985	16	18	4
2986	9	18	4
2987	10	18	4
2988	19	18	4
2989	16	18	4
2990	14	18	4
2991	12	18	4
2992	10	18	4
2993	20	18	4
2994	12	18	4
2995	13	18	4
2996	15	18	4
2997	11	18	4
2998	19	18	4
2999	17	18	4
3000	11	18	4
3001	17	18	4
3002	11	18	4
3003	13	18	4
3004	13	18	4
3005	5	18	4
3006	7	18	4
3007	17	18	4
3008	11	18	4
3009	12	18	4
3010	15	18	4
3011	11	18	4
3012	18	18	4
3013	8	18	4
3014	13	18	4
3015	11	18	4
3016	13	18	4
3017	12	18	4
3018	8	18	4
3019	6	18	4
3020	11	18	4
3021	12	18	4
3022	15	18	4
3023	6	18	4
3024	13	18	4
3025	15	18	4
3026	8	18	4
3027	19	18	4
3028	13	18	4
3029	7	18	4
3030	9	18	4
3031	9	18	4
3032	13	18	4
3033	11	18	4
3034	6	18	4
3035	12	18	4
3036	13	18	4
3037	15	18	4
3038	7	18	4
3039	14	18	4
3040	11	18	4
3041	3	18	4
3042	20	18	4
3043	10	18	4
3044	7	18	4
3045	7	18	4
3046	6	18	4
3047	10	18	4
3048	12	18	4
3049	15	18	4
3050	12	18	4
3051	12	18	4
3052	16	18	4
3053	12	18	4
3054	11	18	4
3055	10	18	4
3056	6	18	4
3057	9	18	4
3058	10	18	4
3059	5	18	4
3060	6	18	4
3061	3	18	4
3062	13	18	4
3063	4	18	4
3064	10	18	4
3065	8	18	4
3066	5	18	4
3067	5	18	4
3068	6	18	4
3069	10	18	4
3070	6	18	4
3071	4	18	4
3072	12	18	4
3073	4	18	4
3074	9	18	4
3075	10	18	4
3076	9	18	4
3077	14	18	4
3078	12	18	4
3079	8	18	4
3080	14	18	4
3081	3	18	4
3082	6	18	4
3083	5	18	4
3084	10	18	4
3085	4	18	4
3086	8	18	4
3087	5	18	4
3088	9	18	4
3089	11	18	4
3090	5	18	4
3091	12	18	4
3092	4	18	4
3093	4	18	4
3094	11	18	4
3095	5	18	4
3096	1	18	4
3097	8	18	4
3098	5	18	4
3099	11	18	4
3100	6	18	4
3101	9	18	4
3102	10	18	4
3103	7	18	4
3104	7	18	4
3105	9	18	4
3106	3	18	4
3107	5	18	4
3108	10	18	4
3109	8	18	4
3110	8	18	4
3111	6	18	4
3112	9	18	4
3113	11	18	4
3114	6	18	4
3115	5	18	4
3116	10	18	4
3117	9	18	4
3118	6	18	4
3119	5	18	4
3120	5	18	4
3121	4	18	4
3122	6	18	4
3123	13	18	4
3124	4	18	4
3125	6	18	4
3126	11	18	4
3127	8	18	4
3128	5	18	4
3129	8	18	4
3130	5	18	4
3131	5	18	4
3132	5	18	4
3133	3	18	4
3134	3	18	4
3135	5	18	4
3136	6	18	4
3137	3	18	4
3138	9	18	4
3139	3	18	4
3140	7	18	4
3141	7	18	4
3142	5	18	4
3143	2	18	4
3144	6	18	4
3145	5	18	4
3146	2	18	4
3147	1	18	4
3148	6	18	4
3149	4	18	4
3150	7	18	4
3151	6	18	4
3152	2	18	4
3153	6	18	4
3154	5	18	4
3155	4	18	4
3156	1	18	4
3157	1	18	4
3158	8	18	4
3159	6	18	4
3160	4	18	4
3161	2	18	4
3162	4	18	4
3163	6	18	4
3164	4	18	4
3165	10	18	4
3166	8	18	4
3167	2	18	4
3168	7	18	4
3169	6	18	4
3170	8	18	4
3171	5	18	4
3172	4	18	4
3173	3	18	4
3174	4	18	4
3175	5	18	4
3176	2	18	4
3177	8	18	4
3178	3	18	4
3179	4	18	4
3180	8	18	4
3181	2	18	4
3182	6	18	4
3183	3	18	4
3184	4	18	4
3185	2	18	4
3186	6	18	4
3187	8	18	4
3188	5	18	4
3189	2	18	4
3190	5	18	4
3191	3	18	4
3192	2	18	4
3193	5	18	4
3194	4	18	4
3195	6	18	4
3196	1	18	4
3197	3	18	4
3198	1	18	4
3199	4	18	4
3200	5	18	4
3201	1	18	4
3202	4	18	4
3203	5	18	4
3204	4	18	4
3205	6	18	4
3206	3	18	4
3207	3	18	4
3208	4	18	4
3209	4	18	4
3210	3	18	4
3211	5	18	4
3212	7	18	4
3213	0	18	4
3214	3	18	4
3215	2	18	4
3216	2	18	4
3217	7	18	4
3218	2	18	4
3219	3	18	4
3220	4	18	4
3221	2	18	4
3222	3	18	4
3223	2	18	4
3224	6	18	4
3225	2	18	4
3226	4	18	4
3227	7	18	4
3228	5	18	4
3229	5	18	4
3230	0	18	4
3231	2	18	4
3232	5	18	4
3233	2	18	4
3234	2	18	4
3235	3	18	4
3236	8	18	4
3237	4	18	4
3238	6	18	4
3239	3	18	4
3240	3	18	4
3241	5	18	4
3242	1	18	4
3243	3	18	4
3244	4	18	4
3245	5	18	4
3246	6	18	4
3247	2	18	4
3248	5	18	4
3249	5	18	4
3250	6	18	4
3251	3	18	4
3252	3	18	4
3253	1	18	4
3254	2	18	4
3255	3	18	4
3256	1	18	4
3257	7	18	4
3258	4	18	4
3259	8	18	4
3260	1	18	4
3261	0	18	4
3262	5	18	4
3263	5	18	4
3264	1	18	4
3265	1	18	4
3266	3	18	4
3267	6	18	4
3268	8	18	4
3269	3	18	4
3270	5	18	4
3271	5	18	4
3272	1	18	4
3273	2	18	4
3274	5	18	4
3275	1	18	4
3276	1	18	4
3277	2	18	4
3278	4	18	4
3279	1	18	4
3280	1	18	4
3281	4	18	4
3282	3	18	4
3283	5	18	4
3284	3	18	4
3285	1	18	4
3286	6	18	4
3287	1	18	4
3288	4	18	4
3289	3	18	4
3290	4	18	4
3291	5	18	4
3292	2	18	4
3293	1	18	4
3294	2	18	4
3295	1	18	4
3296	6	18	4
3297	3	18	4
3298	3	18	4
3299	4	18	4
3300	5	18	4
3301	4	18	4
3302	2	18	4
3303	3	18	4
3304	3	18	4
3305	3	18	4
3306	1	18	4
3307	2	18	4
3308	2	18	4
3309	3	18	4
3310	3	18	4
3311	5	18	4
3312	6	18	4
3313	1	18	4
3314	5	18	4
3315	4	18	4
3316	3	18	4
3317	2	18	4
3318	8	18	4
3319	4	18	4
3320	5	18	4
3321	5	18	4
3322	5	18	4
3323	2	18	4
3324	5	18	4
3325	5	18	4
3326	3	18	4
3327	3	18	4
3328	2	18	4
3329	2	18	4
3330	2	18	4
3331	2	18	4
3332	0	18	4
3333	0	18	4
3334	5	18	4
3335	3	18	4
3336	1	18	4
3337	5	18	4
3338	3	18	4
3339	2	18	4
3340	5	18	4
3341	3	18	4
3342	3	18	4
3343	5	18	4
3344	4	18	4
3345	3	18	4
3346	3	18	4
3347	6	18	4
3348	2	18	4
3349	1	18	4
3350	5	18	4
3351	3	18	4
3352	3	18	4
3353	5	18	4
3354	2	18	4
3355	5	18	4
3356	1	18	4
3357	4	18	4
3358	5	18	4
3359	5	18	4
3360	6	18	4
3361	5	18	4
3362	3	18	4
3363	4	18	5
3364	7	18	5
3365	5	18	5
3366	7	18	5
3367	4	18	5
3368	2	18	5
3369	7	18	5
3370	2	18	5
3371	3	18	5
3372	5	18	5
3373	8	18	5
3374	5	18	5
3375	4	18	5
3376	4	18	5
3377	6	18	5
3378	7	18	5
3379	6	18	5
3380	7	18	5
3381	7	18	5
3382	7	18	5
3383	2	18	5
3384	3	18	5
3385	4	18	5
3386	3	18	5
3387	2	18	5
3388	7	18	5
3389	8	18	6
3390	7	18	6
3391	7	18	6
3392	6	18	6
3393	4	18	6
3394	4	18	6
3395	7	18	6
3396	5	18	6
3397	3	18	6
3398	8	18	6
3399	3	18	6
3400	14	18	6
3401	10	18	6
3402	3	18	6
3403	6	18	6
3404	7	18	6
3405	4	18	7
3406	8	18	7
3407	3	18	7
3408	4	18	7
3409	9	18	7
3410	7	18	7
3411	10	18	7
3412	5	18	7
3413	7	18	7
3414	9	18	7
3415	5	18	7
3416	8	18	7
3417	6	18	8
3418	3	18	8
3419	8	18	8
3420	2	18	8
3421	8	18	8
3422	10	18	8
3423	14	18	8
3424	5	18	8
3425	7	18	8
3426	7	18	9
3427	10	18	9
3428	12	18	9
3429	6	18	9
3430	20	18	9
3431	13	18	9
3432	10	18	9
3433	9	18	9
3434	8	18	9
3435	14	18	10
3436	14	18	10
3437	5	18	10
3438	14	18	10
3439	12	18	10
3440	6	18	10
3441	11	18	10
3442	15	18	11
3443	13	18	11
3444	12	18	11
3445	8	18	11
3446	9	18	11
3447	16	18	11
3448	7	18	12
3449	12	18	12
3450	10	18	12
3451	18	18	12
3452	7	18	12
3453	11	18	12
3454	10	18	13
3455	12	18	13
3456	19	18	13
3457	13	18	13
3458	9	18	13
3459	20	18	13
3460	25	18	14
3461	7	18	14
3462	14	18	14
3463	11	18	14
3464	14	18	14
3465	20	18	15
3466	13	18	15
3467	18	18	15
3468	18	18	15
3469	21	18	15
3470	14	18	16
3471	11	18	16
3472	13	18	16
3473	21	18	16
3474	16	18	16
3475	19	18	17
3476	13	18	17
3477	8	18	17
3478	16	18	17
3479	11	18	18
3480	17	18	18
3481	18	18	18
3482	15	18	18
3483	22	18	18
3484	12	18	19
3485	25	18	19
3486	22	18	19
3487	25	18	19
3488	18	18	20
3489	19	18	20
3490	19	18	20
3491	26	18	20
3492	32	18	21
3493	9	18	21
3494	30	18	21
3495	18	18	21
3496	22	18	22
3497	31	18	22
3498	13	18	22
3499	17	18	22
3500	35	18	23
3501	16	18	23
3502	18	18	23
3503	17	18	23
3504	24	18	24
3505	23	18	24
3506	22	18	24
3507	44	18	24
3508	20	18	24
3509	22	18	25
3510	27	18	25
3511	23	18	25
3512	15	18	25
3513	23	18	26
3514	19	18	26
3515	29	18	26
3516	34	18	26
3517	22	18	27
3518	26	18	27
3519	27	18	27
3520	23	18	27
3521	22	18	28
3522	33	18	28
3523	30	18	28
3524	22	18	28
3525	25	18	29
3526	48	18	29
3527	15	18	29
3528	32	18	29
3529	34	18	29
3530	26	18	30
3531	22	18	30
3532	44	18	30
3533	27	18	30
3534	26	18	31
3535	30	18	31
3536	24	18	31
3537	36	18	31
3538	29	18	31
3539	52	18	32
3540	29	18	32
3541	20	18	32
3542	37	18	32
3543	19	18	32
3544	41	18	33
3545	35	18	33
3546	31	18	33
3547	43	18	33
3548	31	18	33
3549	37	18	34
3550	30	18	34
3551	36	18	34
3552	26	18	34
3553	39	18	34
3554	37	18	34
3555	37	18	34
3556	54	18	35
3557	29	18	35
3558	46	18	35
3559	35	18	35
3560	31	18	35
3561	41	18	35
3562	24	18	35
3563	38	18	36
3564	50	18	36
3565	35	18	36
3566	34	18	36
3567	27	18	36
3568	31	18	36
3569	32	18	36
3570	31	18	36
3571	32	18	36
3572	40	18	36
3573	46	18	37
3574	44	18	37
3575	32	18	37
3576	28	18	37
3577	41	18	37
3578	23	18	37
3579	45	18	37
3580	48	18	37
3581	25	18	37
3582	32	18	37
3583	22	18	37
3584	25	18	37
3585	42	18	37
3586	34	18	37
3587	33	18	37
3588	45	18	37
3589	28	18	37
3590	53	18	37
3591	35	18	37
3592	46	18	37
3593	44	18	37
3594	26	18	37
3595	14	18	37
3596	44	18	37
3597	37	18	37
3598	35	18	37
3599	32	18	37
3600	38	18	37
3601	29	18	37
3602	53	18	37
3603	49	18	37
3604	39	18	36
3605	24	18	36
3606	45	18	36
3607	26	18	36
3608	36	18	36
3609	36	18	36
3610	33	18	36
3611	45	18	36
3612	43	18	36
3613	39	18	36
3614	32	18	35
3615	22	18	35
3616	33	18	35
3617	33	18	35
3618	39	18	35
3619	34	18	35
3620	40	18	35
3621	33	18	34
3622	40	18	34
3623	33	18	34
3624	23	18	34
3625	43	18	34
3626	30	18	34
3627	27	18	34
3628	33	18	33
3629	31	18	33
3630	36	18	33
3631	21	18	33
3632	38	18	33
3633	32	18	32
3634	38	18	32
3635	38	18	32
3636	40	18	32
3637	29	18	32
3638	42	18	31
3639	31	18	31
3640	21	18	31
3641	45	18	31
3642	22	18	31
3643	49	18	30
3644	33	18	30
3645	24	18	30
3646	33	18	30
3647	21	18	30
3648	35	18	29
3649	35	18	29
3650	29	18	29
3651	34	18	29
3652	34	18	28
3653	17	18	28
3654	37	18	28
3655	20	18	28
3656	22	18	27
3657	31	18	27
3658	18	18	27
3659	28	18	27
3660	32	18	26
3661	31	18	26
3662	40	18	26
3663	20	18	26
3664	24	18	25
3665	22	18	25
3666	22	18	25
3667	36	18	25
3668	22	18	24
3669	13	18	24
3670	28	18	24
3671	17	18	24
3672	30	18	24
3673	25	18	23
3674	22	18	23
3675	24	18	23
3676	17	18	23
3677	16	18	22
3678	25	18	22
3679	17	18	22
3680	16	18	22
3681	22	18	21
3682	18	18	21
3683	23	18	21
3684	22	18	21
3685	18	18	20
3686	30	18	20
3687	12	18	20
3688	21	18	20
3689	25	18	19
3690	26	18	19
3691	18	18	19
3692	32	18	19
3693	21	18	18
3694	20	18	18
3695	14	18	18
3696	13	18	18
3697	18	18	18
3698	20	18	17
3699	31	18	17
3700	11	18	17
3701	18	18	17
3702	15	18	16
3703	11	18	16
3704	8	18	16
3705	19	18	16
3706	9	18	16
3707	8	18	15
3708	19	18	15
3709	16	18	15
3710	10	18	15
3711	10	18	15
3712	12	18	14
3713	13	18	14
3714	14	18	14
3715	14	18	14
3716	14	18	14
3717	11	18	13
3718	7	18	13
3719	15	18	13
3720	12	18	13
3721	13	18	13
3722	12	18	13
3723	6	18	12
3724	15	18	12
3725	12	18	12
3726	11	18	12
3727	5	18	12
3728	13	18	12
3729	16	18	11
3730	15	18	11
3731	13	18	11
3732	7	18	11
3733	4	18	11
3734	15	18	11
3735	9	18	10
3736	6	18	10
3737	18	18	10
3738	6	18	10
3739	7	18	10
3740	8	18	10
3741	11	18	10
3742	11	18	9
3743	10	18	9
3744	7	18	9
3745	8	18	9
3746	8	18	9
3747	8	18	9
3748	9	18	9
3749	8	18	9
3750	7	18	9
3751	5	18	8
3752	4	18	8
3753	5	18	8
3754	8	18	8
3755	6	18	8
3756	8	18	8
3757	4	18	8
3758	6	18	8
3759	5	18	8
3760	5	18	7
3761	3	18	7
3762	2	18	7
3763	9	18	7
3764	9	18	7
3765	4	18	7
3766	5	18	7
3767	2	18	7
3768	3	18	7
3769	3	18	7
3770	4	18	7
3771	3	18	7
3772	4	18	6
3773	6	18	6
3774	4	18	6
3775	3	18	6
3776	5	18	6
3777	2	18	6
3778	6	18	6
3779	3	18	6
3780	2	18	6
3781	1	18	6
3782	2	18	6
3783	1	18	6
3784	3	18	6
3785	7	18	6
3786	3	18	6
3787	4	18	6
3788	2	18	5
3789	4	18	5
3790	2	18	5
3791	3	18	5
3792	2	18	5
3793	2	18	5
3794	5	18	5
3795	3	18	5
3796	2	18	5
3797	2	18	5
3798	3	18	5
3799	2	18	5
3800	3	18	5
3801	2	18	5
3802	2	18	5
3803	0	18	5
3804	1	18	5
3805	2	18	5
3806	4	18	5
3807	3	18	5
3808	3	18	5
3809	2	18	5
3810	5	18	5
3811	1	18	5
3812	2	18	5
3813	1	18	5
3814	2	18	4
3815	0	18	4
3816	3	18	4
3817	4	18	4
3818	4	18	4
3819	4	18	4
3820	3	18	4
3821	2	18	4
3822	1	18	4
3823	2	18	4
3824	1	18	4
3825	0	18	4
3826	3	18	4
3827	1	18	4
3828	1	18	4
3829	3	18	4
3830	7	18	4
3831	2	18	4
3832	2	18	4
3833	1	18	4
3834	0	18	4
3835	2	18	4
3836	0	18	4
3837	0	18	4
3838	2	18	4
3839	4	18	4
3840	1	18	4
3841	3	18	4
3842	0	18	4
3843	3	18	4
3844	3	18	4
3845	0	18	4
3846	3	18	4
3847	1	18	4
3848	2	18	4
3849	1	18	4
3850	1	18	4
3851	2	18	4
3852	2	18	4
3853	4	18	4
3854	2	18	4
3855	0	18	4
3856	1	18	4
3857	1	18	4
3858	1	18	4
3859	2	18	4
3860	2	18	4
3861	2	18	4
3862	0	18	4
3863	0	18	4
3864	3	18	4
3865	3	18	4
3866	1	18	4
3867	2	18	4
3868	2	18	4
3869	1	18	4
3870	2	18	4
3871	1	18	4
3872	3	18	4
3873	2	18	4
3874	2	18	4
3875	0	18	4
3876	2	18	4
3877	0	18	4
3878	1	18	4
3879	1	18	4
3880	0	18	4
3881	0	18	4
3882	2	18	4
3883	0	18	4
3884	4	18	4
3885	1	18	4
3886	0	18	4
3887	1	18	4
3888	2	18	4
3889	2	18	4
3890	0	18	4
3891	3	18	4
3892	0	18	4
3893	0	18	4
3894	2	18	4
3895	3	18	4
3896	1	18	4
3897	0	18	4
3898	1	18	4
3899	1	18	4
3900	1	18	4
3901	1	18	4
3902	2	18	4
3903	2	18	4
3904	3	18	4
3905	0	18	4
3906	0	18	4
3907	1	18	4
3908	0	18	4
3909	0	18	4
3910	2	18	4
3911	1	18	4
3912	2	18	4
3913	3	18	4
3914	0	18	4
3915	3	18	4
3916	0	18	4
3917	1	18	4
3918	1	18	4
3919	0	18	4
3920	0	18	4
3921	0	18	4
3922	1	18	4
3923	1	18	4
3924	1	18	4
3925	2	18	4
3926	1	18	4
3927	0	18	4
3928	1	18	4
3929	0	18	4
3930	6	18	4
3931	0	18	4
3932	1	18	4
3933	1	18	4
3934	3	18	4
3935	2	18	4
3936	0	18	4
3937	3	18	4
3938	0	18	4
3939	0	18	4
3940	2	18	4
3941	2	18	4
3942	5	18	4
3943	3	18	4
3944	1	18	4
3945	0	18	4
3946	0	18	4
3947	0	18	4
3948	1	18	4
3949	2	18	4
3950	0	18	4
3951	3	18	4
3952	0	18	4
3953	0	18	4
3954	1	18	4
3955	1	18	4
3956	2	18	4
3957	1	18	4
3958	0	18	4
3959	1	18	4
3960	0	18	4
3961	2	18	4
3962	1	18	4
3963	1	18	4
3964	2	18	4
3965	0	18	4
3966	2	18	4
3967	0	18	4
3968	1	18	4
3969	2	18	4
3970	0	18	4
3971	1	18	4
3972	0	18	4
3973	0	18	4
3974	1	18	4
3975	0	18	4
3976	3	18	4
3977	3	18	4
3978	0	18	4
3979	1	18	4
3980	0	18	4
3981	1	18	4
3982	0	18	4
3983	0	18	4
3984	1	18	4
3985	1	18	4
3986	1	18	4
3987	1	18	4
3988	1	18	4
3989	1	18	4
3990	0	18	4
3991	1	18	4
3992	0	18	4
3993	4	18	4
3994	2	18	4
3995	1	18	4
3996	4	18	4
3997	2	18	4
3998	2	18	4
3999	1	18	4
4000	0	18	4
